Pver_g28.t1	sp|Q96KQ7|EHMT2_HUMAN	36.047	86	54	1	43	127	748	833	7.19e-09	55.1
Pver_g35.t1	sp|Q96KQ7|EHMT2_HUMAN	34.783	138	82	3	175	307	687	821	1.54e-09	58.5
Pver_g36.t1	sp|Q62018|CTR9_MOUSE	20.661	363	234	10	106	426	237	587	3.28e-06	46.6
Pver_g44.t1	sp|O08629|TIF1B_RAT	24.859	354	206	6	33	372	79	386	2.26e-26	112
Pver_g46.t1.1.5de5c94e	sp|Q9H9B1|EHMT1_HUMAN	34.171	199	102	6	731	906	787	979	1.67e-21	97.8
Pver_g47.t1	sp|Q2NL51|GSK3A_MOUSE	32.013	303	175	12	38	324	119	406	9.92e-39	141
Pver_g53.t1	sp|Q9H2X6|HIPK2_HUMAN	33.989	356	208	11	542	876	179	528	3.65e-45	173
Pver_g73.t1	sp|Q9H9B1|EHMT1_HUMAN	29.644	253	170	6	386	635	742	989	4.01e-21	97.8
Pver_g74.t1	sp|Q9V3I5|JIL1_DROME	31.343	134	84	4	534	663	338	467	9.76e-11	62.8
Pver_g75.t1	sp|O95661|DIRA3_HUMAN	24.432	176	126	4	172	344	50	221	1.26e-07	48.5
Pver_g101.t1	sp|O95661|DIRA3_HUMAN	27.338	139	82	3	53	182	88	216	1.63e-06	46.2
Pver_g103.t1	sp|Q54KL5|WDR5_DICDI	29.677	155	102	5	616	765	97	249	2.30e-11	63.2
Pver_g104.t1	sp|Q5DW34|EHMT1_MOUSE	27.190	331	194	6	25	354	699	983	1.23e-22	101
Pver_g105.t1	sp|Q498M4|WDR5_RAT	22.078	308	213	10	456	756	46	333	2.34e-10	60.1
Pver_g106.t1	sp|Q5DW34|EHMT1_MOUSE	34.259	216	131	3	95	310	773	977	7.66e-26	112
Pver_g115.t1	sp|P06537|GCR_MOUSE	28.012	332	194	11	11	320	435	743	4.98e-26	106
Pver_g123.t2	sp|P59923|ZN445_HUMAN	44.444	81	43	1	488	568	485	563	8.55e-16	77.8
Pver_g129.t1	sp|Q5DW34|EHMT1_MOUSE	27.413	259	143	6	103	357	766	983	5.07e-18	85.9
Pver_g130.t1	sp|Q498M4|WDR5_RAT	30.645	124	81	3	238	357	79	201	9.95e-12	62.0
Pver_g135.t1	sp|Q9UK80|UBP21_HUMAN	27.243	301	172	8	28	308	277	550	2.21e-17	81.6
Pver_g137.t1	sp|P41182|BCL6_HUMAN	33.043	115	74	3	21	134	14	126	1.71e-11	63.5
Pver_g138.t1	sp|Q9V3I5|JIL1_DROME	27.797	295	177	12	52	325	253	532	1.80e-21	92.8
Pver_g139.t2	sp|Q4R5S7|DDX4_MACFA	39.568	417	236	7	105	509	277	689	2.08e-91	302
Pver_g142.t1	sp|Q62158|TRI27_MOUSE	42.857	56	31	1	4	58	3	58	1.20e-09	57.0
Pver_g154.t1	sp|P30771|RENT1_YEAST	29.241	448	252	14	1230	1640	406	825	8.06e-41	161
Pver_g166.t1	sp|Q9Y5W3|KLF2_HUMAN	66.667	36	12	0	533	568	271	306	1.66e-10	59.7
Pver_g174.t1	sp|Q96KQ7|EHMT2_HUMAN	24.375	160	113	2	2	161	687	838	4.65e-08	51.6
Pver_g181.t1	sp|Q62018|CTR9_MOUSE	28.205	234	142	8	1824	2051	455	668	4.94e-06	48.5
Pver_g182.t1	sp|Q62018|CTR9_MOUSE	22.616	367	213	14	175	520	319	635	1.61e-08	54.3
Pver_g200.t1	sp|Q8AYC9|CHK1_CHICK	34.859	284	150	10	41	317	9	264	6.38e-38	144
Pver_g201.t1	sp|Q5ZK40|SNF5_CHICK	66.753	388	104	7	4	375	8	386	0.0	522
Pver_g211.t1	sp|Q09698|YA27_SCHPO	33.195	241	112	9	46	263	261	475	3.51e-31	127
Pver_g213.t1	sp|Q498M4|WDR5_RAT	24.434	221	162	2	259	477	40	257	1.33e-23	98.6
Pver_g228.t1	sp|Q62671|UBR5_RAT	25.267	281	189	7	1034	1294	2501	2780	3.85e-16	81.3
Pver_g231.t1	sp|Q6PL18|ATAD2_HUMAN	30.857	175	99	4	223	381	461	629	9.94e-11	62.8
Pver_g243.t1	sp|Q9V727|ASX_DROME	46.405	153	66	3	283	419	185	337	1.80e-37	147
Pver_g244.t1	sp|Q9Z148|EHMT2_MOUSE	26.316	247	139	7	49	261	752	989	2.00e-11	60.8
Pver_g247.t1	sp|Q9D1P2|KAT8_MOUSE	75.845	414	93	5	48	457	45	455	0.0	635
Pver_g250.t1	sp|B1ASB6|SPOC1_MOUSE	32.500	80	54	0	167	246	440	519	2.17e-09	55.1
Pver_g251.t1	sp|O70239|AXIN1_RAT	26.590	173	97	6	33	183	43	207	5.42e-09	51.6
Pver_g253.t1	sp|Q8AYC9|CHK1_CHICK	33.974	312	184	9	186	491	7	302	7.31e-43	155
Pver_g265.t1	sp|P32499|NUP2_YEAST	29.915	117	75	5	29	143	597	708	2.56e-06	44.7
Pver_g275.t1	sp|O02073|TBX18_CAEEL	26.050	238	138	7	73	292	154	371	2.99e-18	83.2
Pver_g276.t1	sp|O02073|TBX18_CAEEL	24.074	216	147	5	78	277	157	371	6.39e-14	70.1
Pver_g283.t1	sp|Q7TQA3|RDHE2_MOUSE	28.636	220	136	4	9	217	40	249	2.20e-18	83.6
Pver_g305.t1	sp|O94386|YGS9_SCHPO	22.556	399	279	10	8	386	7	395	1.10e-16	80.5
Pver_g308.t1	sp|O43017|SWD3_SCHPO	25.517	290	176	18	87	366	50	309	1.18e-08	54.7
Pver_g309.t1.1.5de5c94c	sp|Q2KIG2|WDR5_BOVIN	30.321	343	212	4	71	407	10	331	8.24e-54	179
Pver_g316.t1	sp|Q9V3I5|JIL1_DROME	47.863	351	173	6	56	398	253	601	8.79e-105	333
Pver_g323.t1	sp|P41182|BCL6_HUMAN	28.788	132	78	4	410	540	9	125	3.13e-06	46.6
Pver_g326.t1	sp|F6PHZ6|FKBP6_HORSE	28.649	185	114	4	100	270	125	305	3.87e-08	50.1
Pver_g335.t1	sp|P0CS17|UBC2_CRYNB	40.288	139	77	1	10	148	8	140	1.39e-36	120
Pver_g354.t1	sp|Q14669|TRIPC_HUMAN	35.517	290	163	6	1925	2209	1456	1726	2.54e-40	161
Pver_g356.t1	sp|P16951|ATF2_MOUSE	30.841	107	68	3	148	248	325	431	1.59e-08	51.6
Pver_g357.t1	sp|P16951|ATF2_MOUSE	40.909	66	39	0	85	150	332	397	1.31e-10	55.8
Pver_g358.t1	sp|P15336|ATF2_HUMAN	46.154	78	37	2	17	90	352	428	9.18e-13	58.9
Pver_g389.t2	sp|Q91ZN7|CHK1_RAT	30.049	203	126	6	2503	2696	6	201	1.14e-16	82.4
Pver_g390.t1	sp|P11029|ACAC_CHICK	20.526	190	142	4	557	742	291	475	3.51e-06	48.5
Pver_g397.t1	sp|Q9H160|ING2_HUMAN	45.736	258	115	5	14	261	27	269	1.20e-62	195
Pver_g404.t1	sp|A0A2H5Q1B8|TONSL_CITUN	23.297	455	267	8	135	516	6	451	1.72e-18	89.0
Pver_g405.t1	sp|A0A2H5Q1B8|TONSL_CITUN	21.896	443	309	9	268	676	12	451	1.75e-20	95.1
Pver_g406.t1	sp|Q6Q4D0|TONS_ARATH	22.350	434	303	7	236	636	18	450	1.21e-15	79.3
Pver_g407.t2	sp|A0A2H5Q1B8|TONSL_CITUN	23.058	412	265	10	694	1067	155	552	9.13e-16	80.1
Pver_g417.t1	sp|Q9VJY9|LOQS_DROME	32.044	181	114	6	258	429	133	313	7.86e-13	67.8
Pver_g423.t1	sp|Q4WTT8|SKP1_ASPFU	65.217	161	53	1	1	161	1	158	1.63e-75	219
Pver_g428.t1	sp|Q6PAC3|DCA13_MOUSE	58.705	448	146	2	1	412	1	445	0.0	567
Pver_g445.t1	sp|Q5SVQ0|KAT7_MOUSE	47.738	442	185	5	311	710	172	609	5.78e-134	414
Pver_g451.t1	sp|O74970|PRP39_SCHPO	20.647	402	222	14	43	387	20	381	8.79e-08	52.0
Pver_g457.t1	sp|P19339|SXL_DROME	27.273	187	129	5	351	534	122	304	6.84e-14	70.9
Pver_g461.t1	sp|Q26263|DPN_DROME	27.907	129	62	4	38	161	47	149	6.95e-07	48.1
Pver_g480.t1	sp|Q2KIG2|WDR5_BOVIN	31.111	180	113	6	62	238	19	190	4.14e-15	71.2
Pver_g487.t1	sp|Q9WV60|GSK3B_MOUSE	25.316	237	131	13	597	805	53	271	9.91e-07	48.5
Pver_g492.t1	sp|A0A2H5Q1B8|TONSL_CITUN	31.660	259	160	9	1455	1702	896	1148	1.87e-09	59.7
Pver_g498.t1	sp|Q6PCI6|ANM7_XENLA	40.526	723	381	11	31	746	2	682	0.0	570
Pver_g501.t1.1.5de5c955	sp|Q7TQA3|RDHE2_MOUSE	23.913	230	148	9	7	233	37	242	1.36e-07	48.9
Pver_g502.t1	sp|Q7TQA3|RDHE2_MOUSE	26.271	236	166	6	13	243	22	254	3.08e-16	73.9
Pver_g503.t1	sp|Q5DW34|EHMT1_MOUSE	29.388	245	156	6	162	395	740	978	3.54e-21	97.1
Pver_g504.t2	sp|O95661|DIRA3_HUMAN	27.545	167	106	5	56	219	50	204	6.77e-14	67.4
Pver_g505.t1	sp|Q5DW34|EHMT1_MOUSE	27.007	137	59	4	244	339	738	874	5.10e-06	45.4
Pver_g509.t1	sp|Q3MSQ8|DDX4_PELLE	29.091	385	199	12	211	529	282	658	2.18e-38	147
Pver_g522.t1	sp|A0A2H5Q1B8|TONSL_CITUN	22.881	472	309	12	388	836	12	451	6.19e-19	90.1
Pver_g539.t1	sp|Q8MT36|NSD_DROME	35.930	629	322	12	498	1053	776	1396	3.93e-119	397
Pver_g543.t1	sp|O13282|TAF5_SCHPO	30.015	673	334	13	11	589	10	639	2.57e-97	307
Pver_g544.t1	sp|Q9V9N4|CLAMP_DROME	39.506	162	95	1	972	1133	360	518	1.03e-33	134
Pver_g548.t1	sp|O13799|YE02_SCHPO	27.506	429	242	14	491	880	141	539	4.21e-27	117
Pver_g578.t1	sp|O95661|DIRA3_HUMAN	26.562	192	126	6	21	209	50	229	3.92e-09	53.5
Pver_g601.t2	sp|O13799|YE02_SCHPO	31.056	161	99	4	1314	1462	425	585	3.69e-15	78.2
Pver_g609.t1	sp|O95661|DIRA3_HUMAN	34.158	202	124	5	3	197	30	229	1.04e-23	90.9
Pver_g610.t1	sp|Q8AYC9|CHK1_CHICK	27.273	286	148	14	210	472	5	253	3.17e-12	65.5
Pver_g613.t1	sp|P19339|SXL_DROME	48.810	168	86	0	14	181	125	292	1.12e-51	171
Pver_g614.t1	sp|Q2KIG2|WDR5_BOVIN	23.735	257	177	7	72	321	86	330	8.25e-11	58.9
Pver_g617.t1	sp|P03966|MYCN_MOUSE	40.625	64	33	1	71	134	385	443	4.06e-07	45.8
Pver_g622.t1	sp|P03966|MYCN_MOUSE	35.526	76	42	2	92	160	381	456	1.13e-06	45.1
Pver_g624.t1	sp|Q8AYC9|CHK1_CHICK	29.213	267	180	5	29	294	6	264	3.12e-29	116
Pver_g627.t1	sp|P30771|RENT1_YEAST	35.849	318	160	11	1666	1964	542	834	1.01e-41	164
Pver_g629.t1	sp|Q9Z0S2|LHX2_MOUSE	41.935	62	36	0	87	148	262	323	7.74e-10	55.8
Pver_g630.t1	sp|Q498M4|WDR5_RAT	26.587	252	167	8	248	491	90	331	2.87e-19	85.9
Pver_g631.t1	sp|Q96KQ7|EHMT2_HUMAN	25.984	254	178	5	133	381	654	902	9.66e-18	82.0
Pver_g638.t1	sp|Q94K49|ALP1_ARATH	31.963	219	145	4	5	221	103	319	7.38e-27	104
Pver_g646.t1	sp|Q8AYC9|CHK1_CHICK	33.840	263	162	4	53	310	9	264	1.35e-44	155
Pver_g651.t1	sp|Q54KL5|WDR5_DICDI	28.205	234	157	3	136	368	34	257	6.74e-21	90.5
Pver_g652.t1	sp|Q7TQA3|RDHE2_MOUSE	32.821	195	126	3	1044	1233	34	228	2.57e-19	87.0
Pver_g655.t2	sp|Q6DE87|CHK1_XENLA	31.439	264	166	6	374	629	9	265	6.95e-34	132
Pver_g668.t1	sp|P59923|ZN445_HUMAN	33.333	243	133	6	248	468	679	914	1.04e-27	115
Pver_g669.t2	sp|A9CPT4|TDRD1_ORYLA	38.060	134	67	3	333	461	387	509	7.95e-15	77.8
Pver_g671.t1	sp|Q9BXT4|TDRD1_HUMAN	31.818	110	67	3	717	825	571	673	2.17e-12	67.8
Pver_g679.t1	sp|O14227|RDP1_SCHPO	32.246	828	476	27	1126	1899	402	1198	2.06e-89	317
Pver_g685.t1	sp|Q67XX3|JMJ22_ARATH	32.184	174	93	9	189	340	267	437	2.45e-16	78.2
Pver_g690.t1	sp|Q8K2H1|PPHLN_MOUSE	46.377	69	37	0	2146	2214	297	365	2.85e-13	70.9
Pver_g691.t1	sp|Q62018|CTR9_MOUSE	25.076	327	177	13	2316	2616	293	577	2.50e-09	60.1
Pver_g702.t1	sp|Q7TQA3|RDHE2_MOUSE	31.333	150	87	4	37	178	37	178	1.44e-10	58.2
Pver_g709.t1	sp|Q12050|ELG1_YEAST	36.697	109	61	4	1259	1359	402	510	4.35e-07	51.6
Pver_g711.t1	sp|Q7KRI2|LOLAL_DROME	29.167	96	66	1	20	115	18	111	6.38e-09	51.6
Pver_g713.t1	sp|Q9V9N4|CLAMP_DROME	38.636	132	74	4	273	403	390	515	4.97e-22	95.5
Pver_g714.t1	sp|P07247|KRUP_DROME	44.915	118	54	5	312	429	222	328	3.42e-23	99.0
Pver_g724.t1	sp|P17433|SPI1_MOUSE	39.175	97	49	4	250	340	163	255	5.39e-12	62.0
Pver_g732.t1	sp|P30771|RENT1_YEAST	30.854	632	320	24	2877	3492	307	837	1.00e-59	222
Pver_g733.t1	sp|Q54KL5|WDR5_DICDI	21.528	288	193	13	1053	1335	35	294	1.05e-06	48.9
Pver_g735.t1	sp|Q80U70|SUZ12_MOUSE	44.444	666	298	13	14	661	74	685	0.0	552
Pver_g736.t1	sp|Q09738|UBP8_SCHPO	30.916	524	265	18	16	533	7	439	3.17e-66	218
Pver_g739.t1	sp|Q9V3I5|JIL1_DROME	37.037	324	178	10	38	350	260	568	1.03e-51	186
Pver_g740.t1	sp|P52493|UBC2_NEUCR	43.506	154	80	3	1	154	1	147	8.29e-39	126
Pver_g747.t2	sp|Q6PDK2|KMT2D_MOUSE	36.364	88	54	2	1292	1378	5102	5188	1.76e-15	79.0
Pver_g751.t1	sp|Q7TQA3|RDHE2_MOUSE	27.962	211	139	4	4	202	37	246	1.52e-14	68.6
Pver_g757.t1	sp|Q24117|DYL1_DROME	36.145	83	51	2	26	108	7	87	9.06e-17	66.6
Pver_g791.t1	sp|P56517|HDAC1_CHICK	84.163	442	68	2	5	445	4	444	0.0	801
Pver_g798.t1	sp|P18266|GSK3B_RAT	33.660	306	179	8	13	309	56	346	1.14e-57	195
Pver_g799.t1	sp|B2GUX4|UBP21_RAT	36.000	200	107	5	728	910	210	405	2.41e-30	125
Pver_g804.t2	sp|Q5DW34|EHMT1_MOUSE	33.588	262	161	7	868	1122	740	995	6.03e-27	116
Pver_g809.t1	sp|P41182|BCL6_HUMAN	33.333	123	79	3	8	129	5	125	1.84e-13	69.7
Pver_g820.t1	sp|O13799|YE02_SCHPO	51.435	941	440	9	94	1023	96	1030	0.0	988
Pver_g822.t1	sp|P07247|KRUP_DROME	40.157	127	64	6	411	537	219	333	3.02e-20	91.3
Pver_g824.t1	sp|P41830|CNR14_CAEEL	41.346	104	56	2	21	124	151	249	2.56e-20	88.6
Pver_g839.t2	sp|Q6DE87|CHK1_XENLA	27.206	272	161	6	236	485	11	267	1.83e-19	88.2
Pver_g842.t2	sp|P59997|KDM2A_MOUSE	23.920	301	171	8	144	429	891	1148	7.65e-11	61.2
Pver_g871.t1	sp|O35280|CHK1_MOUSE	30.244	205	119	10	12	202	13	207	8.08e-10	55.5
Pver_g875.t1	sp|Q7TQA3|RDHE2_MOUSE	29.268	246	143	10	25	252	31	263	1.08e-14	70.1
Pver_g877.t1	sp|Q8CDM1|ATAD2_MOUSE	38.261	230	136	2	928	1151	80	309	2.83e-41	162
Pver_g880.t1.1.5de5c961	sp|Q54KL5|WDR5_DICDI	23.602	322	198	13	198	516	49	325	1.16e-13	68.9
Pver_g897.t1	sp|Q00582|RAGAB_YEAST	42.449	245	122	3	1	229	69	310	8.65e-61	191
Pver_g902.t1	sp|Q5DW34|EHMT1_MOUSE	29.060	117	68	1	16	132	769	870	1.25e-07	50.8
Pver_g903.t1	sp|Q5DW34|EHMT1_MOUSE	35.294	102	66	0	49	150	769	870	5.82e-14	71.2
Pver_g904.t2	sp|Q5DW34|EHMT1_MOUSE	35.294	102	66	0	49	150	769	870	2.00e-13	71.6
Pver_g917.t1	sp|Q5DW34|EHMT1_MOUSE	34.197	193	112	3	1	192	760	938	1.76e-19	91.7
Pver_g919.t1	sp|P04041|GPX1_RAT	36.943	157	74	3	65	196	41	197	1.40e-24	92.4
Pver_g931.t1	sp|Q96KQ7|EHMT2_HUMAN	29.817	218	147	3	10	225	654	867	2.08e-16	79.3
Pver_g934.t2	sp|Q6DE87|CHK1_XENLA	28.641	206	108	9	1093	1290	82	256	2.14e-08	55.8
Pver_g936.t1	sp|Q8NAT2|TDRD5_HUMAN	27.466	659	370	18	20	579	8	657	4.68e-60	221
Pver_g937.t1	sp|P19339|SXL_DROME	36.842	76	45	1	64	136	116	191	6.29e-11	59.3
Pver_g939.t1.1.5de5c965	sp|O14122|CUL4_SCHPO	27.976	168	113	4	495	660	413	574	1.07e-11	65.1
Pver_g942.t1	sp|Q2KIG2|WDR5_BOVIN	29.565	230	151	3	274	500	41	262	7.34e-28	114
Pver_g943.t1	sp|Q9V3I5|JIL1_DROME	25.767	163	97	7	298	452	368	514	5.05e-06	45.8
Pver_g944.t1	sp|P50458|LHX2_HUMAN	33.735	83	55	0	44	126	241	323	8.18e-10	55.1
Pver_g949.t2	sp|Q8AYC9|CHK1_CHICK	25.541	231	140	7	716	944	13	213	3.79e-14	72.8
Pver_g950.t1	sp|Q92072|DNMT1_CHICK	55.815	1582	580	21	29	1584	30	1518	0.0	1644
Pver_g959.t1	sp|Q6ZD63|FAS2_ORYSJ	30.127	395	211	11	7	363	9	376	2.71e-40	153
Pver_g966.t1	sp|A0A2H5Q1B8|TONSL_CITUN	23.881	268	190	4	62	315	168	435	2.04e-16	80.9
Pver_g987.t1	sp|Q8AYC9|CHK1_CHICK	28.309	272	131	15	7	278	6	213	3.98e-11	62.8
Pver_g991.t2	sp|P06537|GCR_MOUSE	26.712	292	175	5	28	319	437	689	2.21e-24	105
Pver_g993.t1	sp|P49687|NU145_YEAST	24.096	415	253	11	1364	1771	870	1229	1.02e-17	86.7
Pver_g1032.t2	sp|Q91ZN7|CHK1_RAT	35.648	216	118	7	1117	1325	7	208	2.68e-23	102
Pver_g1035.t2	sp|Q54PN9|ING1_DICDI	46.809	47	24	1	265	311	274	319	1.14e-10	62.0
Pver_g1046.t1	sp|Q4KLY4|RING2_RAT	40.351	57	29	2	91	146	42	94	2.84e-06	44.3
Pver_g1062.t1	sp|Q8NB78|KDM1B_HUMAN	26.580	459	290	15	29	460	382	820	7.62e-32	126
Pver_g1069.t1	sp|Q91ZW3|SMCA5_MOUSE	75.000	440	96	5	1	439	622	1048	0.0	601
Pver_g1102.t1	sp|O93845|DPOE_EMENI	42.972	2248	1066	33	43	2162	48	2207	0.0	1721
Pver_g1103.t1	sp|A0A2H5Q1B8|TONSL_CITUN	23.675	283	175	9	117	363	844	1121	1.02e-06	49.3
Pver_g1109.t1	sp|Q6Q4D0|TONS_ARATH	26.531	245	158	9	185	418	901	1134	1.28e-08	54.3
Pver_g1115.t1	sp|P41182|BCL6_HUMAN	32.093	215	100	5	321	534	515	684	8.42e-28	116
Pver_g1123.t2	sp|Q8AYC9|CHK1_CHICK	27.647	170	113	6	2867	3030	96	261	8.40e-09	57.4
Pver_g1145.t1	sp|Q8CIG3|KDM1B_MOUSE	25.260	289	178	11	246	522	564	826	5.42e-14	71.6
Pver_g1147.t2	sp|O95661|DIRA3_HUMAN	27.152	151	99	4	492	636	50	195	2.26e-08	52.0
Pver_g1148.t1	sp|Q99LT0|DPY30_MOUSE	47.917	48	25	0	660	707	49	96	1.59e-09	52.4
Pver_g1153.t1	sp|Q75BY2|ESA1_EREGS	49.431	439	184	12	8	440	17	423	3.37e-134	390
Pver_g1156.t1	sp|Q8R418|DICER_MOUSE	37.146	1058	546	28	1131	2093	42	1075	7.74e-174	586
Pver_g1157.t1	sp|Q8R418|DICER_MOUSE	36.560	1064	559	28	17	985	42	1084	1.38e-176	576
Pver_g1170.t1	sp|Q7KRI2|LOLAL_DROME	32.353	102	67	1	20	121	19	118	2.83e-13	63.9
Pver_g1186.t1	sp|Q9ASP6|HNRPQ_ARATH	38.667	75	45	1	227	300	114	188	4.63e-10	57.8
Pver_g1187.t1	sp|P29374|ARI4A_HUMAN	45.012	411	200	8	3	400	2	399	1.52e-100	342
Pver_g1201.t1	sp|P63159|HMGB1_RAT	29.333	150	87	4	50	181	14	162	1.16e-11	59.7
Pver_g1210.t1	sp|P41183|BCL6_MOUSE	24.324	111	82	1	17	127	17	125	1.05e-06	48.1
Pver_g1214.t1	sp|Q680I0|ORTH5_ARATH	42.553	47	27	0	16	62	127	173	1.68e-07	48.9
Pver_g1215.t1	sp|Q9NVW2|RNF12_HUMAN	41.304	46	27	0	579	624	568	613	5.72e-09	55.8
Pver_g1234.t1	sp|Q59WH0|ADA2_CANAL	29.975	407	255	8	2	386	45	443	8.75e-51	173
Pver_g1243.t1	sp|Q7TQA3|RDHE2_MOUSE	30.189	212	139	4	32	240	32	237	1.03e-19	84.7
Pver_g1245.t1	sp|Q8W4D0|CPY71_ARATH	50.000	146	67	5	18	161	485	626	1.70e-34	124
Pver_g1252.t1	sp|Q8AYC9|CHK1_CHICK	29.000	100	67	3	128	224	169	267	1.68e-06	46.6
Pver_g1259.t1	sp|P51532|SMCA4_HUMAN	64.739	1228	354	8	292	1453	351	1565	0.0	1559
Pver_g1270.t1	sp|E9Q3T6|PRD14_MOUSE	38.776	98	58	2	446	542	439	535	2.18e-17	82.0
Pver_g1274.t1	sp|Q13263|TIF1B_HUMAN	21.910	356	218	12	21	362	74	383	1.76e-09	57.0
Pver_g1275.t1	sp|P45975|SUV39_DROME	88.235	68	8	0	16	83	13	80	6.91e-31	122
Pver_g1276.t1	sp|Q9Y6X9|MORC2_HUMAN	33.971	209	125	4	12	218	30	227	4.74e-29	121
Pver_g1279.t1	sp|P07247|KRUP_DROME	40.476	84	49	1	611	694	216	298	1.26e-14	73.6
Pver_g1280.t1	sp|A0A2H5Q1B8|TONSL_CITUN	23.364	428	285	12	51	441	23	444	9.55e-18	86.7
Pver_g1305.t1	sp|Q75C99|HAT2_EREGS	24.561	228	161	6	1	224	182	402	1.99e-10	59.7
Pver_g1310.t1	sp|O15297|PPM1D_HUMAN	27.622	286	150	11	54	293	99	373	2.60e-20	89.4
Pver_g1313.t1	sp|P18266|GSK3B_RAT	31.405	363	207	11	11	350	63	406	3.00e-47	164
Pver_g1316.t1	sp|Q84W92|ANM13_ARATH	34.808	339	205	9	88	419	148	477	1.44e-51	178
Pver_g1322.t1	sp|Q8N801|STPG4_HUMAN	43.182	220	111	8	47	263	37	245	6.50e-41	138
Pver_g1327.t1	sp|Q5DW34|EHMT1_MOUSE	27.411	197	126	6	49	238	773	959	1.07e-12	69.3
Pver_g1343.t1	sp|Q7TQA3|RDHE2_MOUSE	26.794	209	131	7	74	275	35	228	2.21e-11	61.2
Pver_g1349.t1	sp|Q8N3Y7|RDHE2_HUMAN	25.292	257	174	5	32	280	36	282	4.11e-15	71.2
Pver_g1351.t1	sp|Q8RXN6|PRP31_ARATH	29.707	239	158	3	162	393	95	330	5.44e-25	104
Pver_g1357.t1	sp|Q7KRI2|LOLAL_DROME	29.703	101	69	1	40	140	18	116	1.31e-13	64.7
Pver_g1383.t1	sp|Q9GZV8|PRD14_HUMAN	52.010	398	163	5	13	406	195	568	3.73e-140	411
Pver_g1388.t1	sp|Q6PD62|CTR9_HUMAN	25.000	192	120	6	175	348	347	532	3.60e-07	50.8
Pver_g1389.t2	sp|Q8C2Q3|RBM14_MOUSE	37.143	70	41	1	3	72	80	146	9.61e-06	46.6
Pver_g1391.t1	sp|Q54KL5|WDR5_DICDI	26.506	249	169	7	232	472	48	290	3.47e-18	82.4
Pver_g1397.t1	sp|P54784|ORC1_YEAST	29.563	389	188	4	490	792	449	837	3.37e-54	199
Pver_g1402.t1	sp|Q9ASP6|HNRPQ_ARATH	28.390	236	152	7	31	253	118	349	1.08e-19	90.1
Pver_g1406.t1	sp|Q86XA0|MET23_HUMAN	31.206	141	85	6	38	172	3	137	1.50e-12	60.8
Pver_g1425.t1	sp|P06104|UBC2_YEAST	38.406	138	80	3	14	151	13	145	2.62e-24	94.7
Pver_g1431.t1	sp|Q9R190|MTA2_MOUSE	30.994	171	96	6	200	348	146	316	8.15e-11	61.2
Pver_g1432.t1	sp|O13282|TAF5_SCHPO	32.500	80	53	1	668	747	414	492	9.13e-08	52.4
Pver_g1435.t1	sp|Q7KRI2|LOLAL_DROME	31.183	93	61	2	9	101	27	116	4.62e-09	51.6
Pver_g1436.t1	sp|Q7KRI2|LOLAL_DROME	31.183	93	61	2	27	119	27	116	1.46e-08	50.4
Pver_g1437.t1	sp|Q7KRI2|LOLAL_DROME	31.183	93	61	2	22	114	27	116	6.56e-07	45.8
Pver_g1438.t1	sp|Q7KRI2|LOLAL_DROME	33.333	93	59	2	27	119	27	116	1.30e-09	53.1
Pver_g1441.t1	sp|Q54KL5|WDR5_DICDI	25.566	309	206	8	147	449	42	332	6.60e-26	105
Pver_g1446.t1	sp|Q6GWX0|DDX4_PIG	47.850	535	247	11	95	611	177	697	1.88e-157	468
Pver_g1447.t1	sp|Q6DE87|CHK1_XENLA	31.132	212	129	6	20	227	9	207	6.86e-23	99.8
Pver_g1451.t1	sp|B2RYR0|RN168_RAT	43.931	173	85	2	35	195	10	182	9.13e-39	142
Pver_g1457.t1	sp|O74462|TAF6_SCHPO	39.900	401	213	6	16	413	8	383	1.42e-94	294
Pver_g1460.t1	sp|A1Z8P9|TPR_DROME	22.362	796	469	34	7350	8065	18	744	3.27e-17	87.8
Pver_g1463.t1	sp|Q498M4|WDR5_RAT	25.152	330	179	14	3	320	57	330	1.18e-11	62.0
Pver_g1467.t1	sp|Q9Z0S2|LHX2_MOUSE	44.068	59	33	0	89	147	265	323	2.41e-09	53.5
Pver_g1468.t2	sp|A0A125S9M6|CYTAR_HYPEX	25.000	348	211	15	4289	4610	15	338	9.04e-12	67.8
Pver_g1509.t1_g1507.t1	sp|Q498M4|WDR5_RAT	22.408	299	178	6	2117	2403	32	288	1.28e-13	71.2
Pver_g1514.t1	sp|Q6PDK2|KMT2D_MOUSE	31.250	208	112	9	332	537	1335	1513	9.68e-25	106
Pver_g1515.t1	sp|Q9Z0S2|LHX2_MOUSE	30.405	148	86	5	44	188	264	397	4.37e-09	52.4
Pver_g1516.t1	sp|Q9Z0S2|LHX2_MOUSE	35.065	77	45	1	16	87	259	335	2.79e-08	49.3
Pver_g1517.t1	sp|P50458|LHX2_HUMAN	30.973	113	73	2	28	140	264	371	4.58e-10	55.5
Pver_g1518.t1	sp|Q9Z0S2|LHX2_MOUSE	32.558	86	55	1	30	112	264	349	7.43e-08	48.9
Pver_g1519.t1	sp|Q9Z0S2|LHX2_MOUSE	36.667	60	38	0	43	102	264	323	6.48e-07	45.4
Pver_g1525.t1	sp|Q6DE87|CHK1_XENLA	29.108	213	126	11	400	604	10	205	5.07e-12	65.1
Pver_g1526.t1	sp|Q6DE87|CHK1_XENLA	31.925	213	122	9	803	1008	8	204	1.68e-17	83.6
Pver_g1528.t1	sp|Q8N3Y7|RDHE2_HUMAN	27.500	280	157	10	41	304	34	283	2.29e-18	80.9
Pver_g1530.t1	sp|Q62318|TIF1B_MOUSE	26.000	250	163	6	281	522	133	368	4.32e-20	92.4
Pver_g1531.t1	sp|O08629|TIF1B_RAT	28.613	346	207	9	17	341	67	393	2.43e-32	130
Pver_g1532.t1	sp|O08629|TIF1B_RAT	26.590	346	220	9	65	392	67	396	4.94e-27	114
Pver_g1537.t1	sp|Q9WV60|GSK3B_MOUSE	28.125	320	155	15	9	303	60	329	4.23e-12	64.7
Pver_g1538.t1	sp|Q9WV60|GSK3B_MOUSE	30.804	224	112	12	9	218	60	254	1.83e-11	62.4
Pver_g1542.t1	sp|A0A2H5Q1B8|TONSL_CITUN	29.289	239	138	9	994	1205	913	1147	2.00e-06	48.9
Pver_g1551.t1	sp|Q91ZN7|CHK1_RAT	26.014	296	171	14	299	586	6	261	2.37e-10	59.7
Pver_g1583.t1	sp|O14744|ANM5_HUMAN	58.121	628	254	4	5	626	13	637	0.0	748
Pver_g1590.t1	sp|Q7XWV4|SRT1_ORYSJ	37.746	355	187	10	258	602	22	352	2.29e-68	228
Pver_g1593.t1	sp|O14686|KMT2D_HUMAN	31.356	118	69	3	247	364	749	854	1.68e-08	56.2
Pver_g1598.t2	sp|Q8C2Q3|RBM14_MOUSE	32.222	90	57	2	52	137	79	168	3.98e-11	63.5
Pver_g1610.t1	sp|P41183|BCL6_MOUSE	34.513	113	73	1	20	131	14	126	6.35e-14	71.6
Pver_g1612.t1	sp|Q94545|ASH2_DROME	30.328	122	70	5	265	380	308	420	7.96e-06	45.1
Pver_g1632.t1	sp|Q13263|TIF1B_HUMAN	27.799	259	156	9	712	957	65	305	1.17e-21	100
Pver_g1633.t1	sp|Q13263|TIF1B_HUMAN	29.204	226	134	7	110	323	65	276	3.87e-22	99.0
Pver_g1643.t1	sp|Q62318|TIF1B_MOUSE	21.357	398	254	15	25	388	78	450	2.16e-14	73.9
Pver_g1644.t1	sp|O08629|TIF1B_RAT	21.066	394	260	12	25	388	79	451	3.62e-15	77.4
Pver_g1645.t1	sp|O08629|TIF1B_RAT	21.519	395	257	13	1266	1629	79	451	6.52e-15	77.8
Pver_g1646.t1	sp|Q13263|TIF1B_HUMAN	21.983	232	147	8	25	240	77	290	2.81e-10	60.1
Pver_g1648.t1	sp|Q13263|TIF1B_HUMAN	24.658	146	85	5	25	158	77	209	3.44e-07	50.1
Pver_g1649.t1	sp|Q13263|TIF1B_HUMAN	24.000	250	157	8	25	262	77	305	1.47e-14	72.8
Pver_g1650.t1	sp|Q62318|TIF1B_MOUSE	20.865	393	262	12	762	1125	78	450	8.63e-15	76.3
Pver_g1664.t1	sp|O95661|DIRA3_HUMAN	25.294	170	120	4	25	189	50	217	3.26e-06	43.1
Pver_g1665.t1	sp|A0A2H5Q1B8|TONSL_CITUN	26.235	324	226	12	1281	1601	834	1147	1.69e-09	59.7
Pver_g1677.t1	sp|P10989|ACT_SCHPO	33.967	368	228	8	439	799	8	367	9.58e-65	218
Pver_g1678.t1	sp|A0A2H5Q1B8|TONSL_CITUN	24.138	232	125	3	215	395	203	434	8.66e-07	49.7
Pver_g1683.t1	sp|O08629|TIF1B_RAT	23.397	312	191	10	768	1053	155	444	4.21e-11	64.3
Pver_g1688.t1	sp|Q9DCG9|TR112_MOUSE	58.065	62	25	1	29	90	30	90	3.05e-17	75.5
Pver_g1694.t1	sp|Q497V6|BAHD1_MOUSE	50.769	195	86	5	434	621	580	771	9.78e-52	187
Pver_g1695.t1	sp|P10989|ACT_SCHPO	41.953	379	207	7	783	1158	7	375	4.38e-95	305
Pver_g1698.t1	sp|Q67ZB6|JMJ20_ARATH	45.390	282	133	7	4	270	64	339	1.23e-74	236
Pver_g1709.t1	sp|Q9V3I5|JIL1_DROME	26.389	144	94	4	457	594	355	492	6.81e-09	55.8
Pver_g1710.t2	sp|O13282|TAF5_SCHPO	25.882	170	114	5	41	200	78	245	5.84e-14	67.0
Pver_g1711.t1	sp|Q13263|TIF1B_HUMAN	27.200	250	149	8	25	262	77	305	1.72e-17	85.1
Pver_g1712.t1	sp|O13282|TAF5_SCHPO	38.012	171	94	2	21	179	469	639	4.00e-32	118
Pver_g1726.t1	sp|Q09884|DCR1_SCHPO	32.796	186	100	4	524	696	15	188	2.35e-18	87.8
Pver_g1736.t1	sp|Q8AYC9|CHK1_CHICK	31.731	208	103	8	222	398	8	207	1.33e-18	84.7
Pver_g1750.t1	sp|Q9NVW2|RNF12_HUMAN	33.333	102	54	3	33	131	527	617	5.12e-11	56.2
Pver_g1751.t1	sp|P38181|NU170_YEAST	25.180	417	261	12	10	414	92	469	4.52e-28	120
Pver_g1755.t1	sp|P07247|KRUP_DROME	41.026	117	55	6	1090	1203	221	326	3.77e-15	76.6
Pver_g1758.t1	sp|Q8W4D0|CPY71_ARATH	59.322	59	24	0	2	60	537	595	3.35e-15	74.7
Pver_g1762.t1	sp|Q9V3I5|JIL1_DROME	29.046	241	135	11	35	264	266	481	2.00e-11	65.1
Pver_g1770.t1	sp|Q5DW34|EHMT1_MOUSE	35.385	195	116	4	677	869	773	959	3.39e-21	97.4
Pver_g1772.t1	sp|Q5DW34|EHMT1_MOUSE	34.146	164	104	3	439	599	739	901	5.76e-15	76.3
Pver_g1773.t1	sp|Q5DW34|EHMT1_MOUSE	26.923	260	142	7	552	808	752	966	9.76e-12	65.5
Pver_g1776.t1	sp|Q6Q4D0|TONS_ARATH	23.729	236	172	6	1052	1282	929	1161	2.20e-06	49.7
Pver_g1777.t1	sp|Q8AYC9|CHK1_CHICK	27.219	169	113	6	215	377	96	260	7.52e-11	60.1
Pver_g1788.t1	sp|E7EZF3|UHRF1_DANRE	41.667	48	28	0	7	54	695	742	3.59e-06	46.6
Pver_g1801.t1	sp|P10922|H10_MOUSE	60.215	93	37	0	8	100	10	102	9.98e-34	115
Pver_g1802.t1	sp|Q9Z0S2|LHX2_MOUSE	42.105	57	33	0	86	142	267	323	4.19e-08	48.5
Pver_g1803.t1	sp|Q9Z0S2|LHX2_MOUSE	29.333	150	75	3	72	212	265	392	6.11e-09	53.5
Pver_g1804.t1	sp|Q9Z0S2|LHX2_MOUSE	34.483	87	57	0	90	176	261	347	3.71e-09	53.5
Pver_g1811.t1	sp|A0A2H5Q1B8|TONSL_CITUN	23.427	461	320	9	1340	1769	20	478	4.33e-19	91.7
Pver_g1812.t1	sp|A0A2H5Q1B8|TONSL_CITUN	26.316	285	192	6	1457	1725	171	453	4.20e-18	87.8
Pver_g1818.t1	sp|Q6DE87|CHK1_XENLA	27.564	156	93	4	700	848	73	215	1.74e-10	60.8
Pver_g1819.t1	sp|Q2KJ72|UBP21_BOVIN	36.697	218	113	5	453	648	192	406	2.13e-37	145
Pver_g1849.t1	sp|Q9H9B1|EHMT1_HUMAN	33.778	225	144	3	341	564	765	985	5.89e-24	105
Pver_g1855.t2	sp|O13799|YE02_SCHPO	26.667	420	225	14	505	879	141	522	1.83e-25	112
Pver_g1859.t1	sp|Q13263|TIF1B_HUMAN	22.222	378	237	12	605	952	64	414	8.67e-17	82.8
Pver_g1861.t2	sp|Q2KIG2|WDR5_BOVIN	26.730	318	182	7	116	431	22	290	1.97e-26	109
Pver_g1864.t1	sp|P06537|GCR_MOUSE	31.408	277	152	9	31	289	433	689	3.83e-27	109
Pver_g1866.t1	sp|P06537|GCR_MOUSE	21.667	360	254	7	42	394	437	775	6.39e-21	91.7
Pver_g1870.t1	sp|Q3MSQ8|DDX4_PELLE	27.204	397	248	10	118	502	285	652	1.67e-31	125
Pver_g1872.t1	sp|Q96PU4|UHRF2_HUMAN	29.167	168	94	7	381	533	1	158	1.58e-07	50.8
Pver_g1873.t1	sp|Q9ASP6|HNRPQ_ARATH	33.645	107	65	2	34	135	118	223	9.90e-13	67.4
Pver_g1876.t1	sp|Q8NFD5|ARI1B_HUMAN	42.569	397	213	5	1571	1957	1927	2318	1.24e-94	338
Pver_g1897.t1	sp|P56581|TDG_MOUSE	50.485	206	92	3	43	238	114	319	6.52e-65	204
Pver_g1908.t1	sp|P59923|ZN445_HUMAN	36.626	243	126	1	281	495	485	727	1.66e-41	155
Pver_g1909.t1	sp|Q5EAK6|ATM_DROME	26.210	599	384	12	2120	2704	2213	2767	7.63e-57	216
Pver_g1927.t1	sp|O95661|DIRA3_HUMAN	26.712	146	102	3	24	166	50	193	1.41e-10	55.8
Pver_g1933.t1.1.5de5c980	sp|P06400|RB_HUMAN	30.505	872	433	26	7	755	57	878	9.29e-103	335
Pver_g1938.t1	sp|Q9V460|SPT5H_DROME	27.108	166	111	6	1701	1862	808	967	5.82e-06	48.1
Pver_g1942.t1	sp|O46043|PARG_DROME	39.806	309	159	9	76	370	142	437	1.21e-57	209
Pver_g1945.t2	sp|P59923|ZN445_HUMAN	30.994	342	159	5	506	784	594	921	5.87e-43	165
Pver_g1950.t1	sp|Q54KL5|WDR5_DICDI	26.437	174	108	6	709	879	44	200	8.16e-08	52.0
Pver_g1952.t2	sp|Q9Y7N0|BDF1_SCHPO	43.158	95	39	3	1114	1203	274	358	2.20e-16	80.5
Pver_g1966.t1	sp|Q08273|RBX1_YEAST	42.202	109	60	1	8	113	13	121	1.49e-29	100
Pver_g1970.t1	sp|P32499|NUP2_YEAST	28.093	388	206	18	3046	3392	365	720	1.17e-14	77.4
Pver_g1971.t2	sp|P32499|NUP2_YEAST	32.857	140	83	4	961	1093	556	691	7.76e-12	66.2
Pver_g1978.t1	sp|A0A2H5Q1B8|TONSL_CITUN	21.659	434	309	6	1015	1417	18	451	1.54e-21	99.0
Pver_g1987.t2	sp|Q62671|UBR5_RAT	38.636	44	26	1	265	307	1180	1223	2.42e-06	46.2
Pver_g1994.t2	sp|Q91372|DDX4_XENLA	48.377	647	291	11	55	670	27	661	0.0	556
Pver_g1996.t2	sp|P07203|GPX1_HUMAN	28.962	183	68	5	407	527	14	196	1.72e-11	60.5
Pver_g2029.t1	sp|Q2KIG2|WDR5_BOVIN	29.461	241	158	7	63	300	89	320	4.27e-19	84.3
Pver_g2035.t1	sp|Q24572|CAF1_DROME	31.615	291	176	11	177	460	125	399	8.74e-35	131
Pver_g2048.t2	sp|O14148|INO80_SCHPO	47.156	668	279	12	250	875	615	1250	0.0	596
Pver_g2059.t1	sp|Q54KL5|WDR5_DICDI	23.429	175	118	7	264	427	47	216	5.77e-09	56.2
Pver_g2069.t1	sp|Q9Z0S2|LHX2_MOUSE	40.909	66	38	1	261	325	258	323	1.07e-08	52.8
Pver_g2083.t1	sp|Q54KL5|WDR5_DICDI	22.150	307	217	9	467	769	47	335	1.96e-19	87.8
Pver_g2093.t1	sp|Q54KL5|WDR5_DICDI	21.356	295	200	8	145	430	61	332	1.47e-11	62.8
Pver_g2099.t1	sp|A0A2H5Q1B8|TONSL_CITUN	22.973	444	271	6	272	644	22	465	1.40e-21	98.6
Pver_g2105.t1	sp|P53115|INO80_YEAST	23.645	203	118	9	328	505	705	895	1.74e-07	52.4
Pver_g2120.t1	sp|Q5DW34|EHMT1_MOUSE	32.130	277	178	4	149	416	714	989	1.75e-29	124
Pver_g2122.t1	sp|Q9LHE4|CHR27_ARATH	30.568	229	117	8	610	799	412	637	8.65e-20	92.8
Pver_g2130.t1	sp|Q8AYC9|CHK1_CHICK	32.308	195	97	8	213	400	13	179	1.14e-12	67.8
Pver_g2132.t2	sp|Q8AYC9|CHK1_CHICK	31.959	194	105	7	178	368	10	179	2.37e-14	71.6
Pver_g2139.t1	sp|A0A2H5Q1B8|TONSL_CITUN	26.761	284	194	5	548	817	168	451	1.87e-18	89.0
Pver_g2161.t1	sp|Q4PFA5|UBC2_USTMA	26.316	152	108	4	105	255	9	157	1.31e-13	65.1
Pver_g2165.t1	sp|Q54KL5|WDR5_DICDI	27.027	185	118	4	114	292	32	205	2.47e-16	77.0
Pver_g2179.t1	sp|O13799|YE02_SCHPO	27.255	521	302	27	221	693	122	613	5.93e-24	105
Pver_g2183.t2	sp|O95661|DIRA3_HUMAN	32.800	125	79	3	45	165	87	210	1.02e-06	44.3
Pver_g2197.t1	sp|Q94K49|ALP1_ARATH	28.358	335	218	10	104	425	69	394	1.39e-40	146
Pver_g2210.t1	sp|Q9Z148|EHMT2_MOUSE	35.211	142	89	3	125	266	805	943	7.92e-13	68.9
Pver_g2213.t1	sp|Q6PD62|CTR9_HUMAN	23.214	224	146	6	113	316	492	709	1.46e-09	56.6
Pver_g2218.t1	sp|O95661|DIRA3_HUMAN	34.940	166	99	3	132	292	32	193	1.33e-20	86.3
Pver_g2244.t1	sp|Q4KLY4|RING2_RAT	33.846	65	40	2	34	95	39	103	1.92e-06	45.8
Pver_g2249.t1	sp|Q9GZV8|PRD14_HUMAN	35.345	116	64	2	621	736	461	565	2.98e-16	79.3
Pver_g2250.t1	sp|Q9GZV8|PRD14_HUMAN	35.294	119	66	2	271	389	461	568	1.76e-17	81.3
Pver_g2253.t1	sp|Q9VEX9|SAP18_DROME	58.156	141	55	1	34	170	10	150	2.82e-59	178
Pver_g2254.t1	sp|Q8RWR1|JMJ30_ARATH	25.751	233	154	7	66	286	199	424	1.29e-13	68.9
Pver_g2258.t1	sp|Q91ZN7|CHK1_RAT	33.333	213	109	10	46	242	14	209	2.02e-18	85.9
Pver_g2259.t1	sp|Q9C0W2|ATD22_SCHPO	38.112	286	154	8	279	552	368	642	7.96e-43	161
Pver_g2269.t1	sp|B4HUI5|UBP36_DROSE	29.078	423	193	15	21	349	45	454	1.14e-45	177
Pver_g2271.t1	sp|P92186|LIN28_CAEEL	37.662	77	43	2	46	117	25	101	6.46e-08	47.0
Pver_g2280.t2	sp|Q756G9|GCN5_EREGS	48.980	98	50	0	612	709	346	443	3.15e-24	104
Pver_g2286.t1	sp|Q43208|H2A4_WHEAT	32.174	115	67	3	148	258	18	125	2.68e-08	50.4
Pver_g2302.t1	sp|Q8RWR1|JMJ30_ARATH	28.195	266	147	12	4	251	181	420	1.22e-14	70.9
Pver_g2304.t1_g2306.t1	sp|Q9V3I5|JIL1_DROME	27.740	292	147	9	57	301	315	589	1.23e-23	105
Pver_g2312.t1	sp|O35625|AXIN1_MOUSE	29.412	170	96	5	296	450	59	219	1.27e-08	53.9
Pver_g2313.t1	sp|Q6DE87|CHK1_XENLA	30.732	205	137	2	418	621	8	208	1.71e-26	110
Pver_g2320.t1	sp|Q13263|TIF1B_HUMAN	18.239	318	228	7	87	389	65	365	5.43e-12	66.2
Pver_g2322.t1	sp|Q13263|TIF1B_HUMAN	17.296	318	231	7	14	316	65	365	3.25e-11	64.7
Pver_g2323.t1	sp|Q13263|TIF1B_HUMAN	21.753	308	208	7	35	325	77	368	3.85e-15	76.3
Pver_g2324.t1	sp|Q62318|TIF1B_MOUSE	22.105	380	259	9	16	377	66	426	3.39e-20	94.0
Pver_g2342.t1	sp|Q8C2Q3|RBM14_MOUSE	31.818	66	45	0	8	73	80	145	2.09e-08	51.2
Pver_g2353.t1	sp|P17433|SPI1_MOUSE	31.461	89	55	4	445	529	172	258	1.07e-06	47.4
Pver_g2362.t1	sp|Q9H160|ING2_HUMAN	32.127	221	131	5	6	210	27	244	3.07e-28	107
Pver_g2365.t1	sp|Q6DE87|CHK1_XENLA	32.979	94	59	2	754	843	105	198	4.15e-09	56.6
Pver_g2371.t1	sp|Q62158|TRI27_MOUSE	38.095	63	37	1	1	63	1	61	2.33e-07	50.1
Pver_g2395.t2	sp|Q9Z148|EHMT2_MOUSE	26.515	132	91	2	137	266	707	834	1.40e-08	54.3
Pver_g2397.t1	sp|Q3MSQ8|DDX4_PELLE	33.760	391	235	10	120	489	301	688	7.08e-51	184
Pver_g2409.t1	sp|Q9QZL6|UBP21_MOUSE	30.804	224	125	9	174	385	207	412	2.42e-13	70.5
Pver_g2414.t1	sp|Q8W4D0|CPY71_ARATH	40.625	160	87	2	2	161	477	628	3.86e-30	121
Pver_g2418.t1	sp|Q58EK5|TDRD1_DANRE	25.496	1008	590	34	467	1441	180	1059	2.33e-58	218
Pver_g2419.t1	sp|Q9SXY1|FAS2_ARATH	41.895	475	223	12	1	454	1	443	1.12e-114	353
Pver_g2420.t1	sp|Q91ZN7|CHK1_RAT	31.222	221	123	7	1446	1652	3	208	4.17e-25	107
Pver_g2421.t1	sp|Q91ZN7|CHK1_RAT	26.190	210	134	7	71	275	15	208	9.17e-12	62.4
Pver_g2427.t1	sp|Q24572|CAF1_DROME	86.936	421	55	0	9	429	10	430	0.0	783
Pver_g2429.t1	sp|Q9V3I5|JIL1_DROME	34.516	620	349	16	1	588	292	886	8.06e-103	335
Pver_g2455.t1	sp|Q7XA66|ZOP1_ARATH	27.097	155	90	4	2	152	13	148	5.19e-11	58.2
Pver_g2457.t1	sp|Q498M4|WDR5_RAT	21.596	213	157	5	196	403	91	298	4.01e-08	51.6
Pver_g2462.t1	sp|Q2NL51|GSK3A_MOUSE	26.374	273	160	13	843	1107	86	325	5.21e-10	59.7
Pver_g2463.t1	sp|Q6DE87|CHK1_XENLA	31.034	203	120	9	987	1182	29	218	1.60e-08	55.5
Pver_g2468.t1	sp|A0A2H5Q1B8|TONSL_CITUN	27.027	148	102	2	272	413	13	160	7.93e-06	45.4
Pver_g2473.t2	sp|Q9H9B1|EHMT1_HUMAN	29.730	259	158	9	13	257	769	1017	7.09e-18	87.0
Pver_g2478.t3	sp|Q498M4|WDR5_RAT	34.579	107	69	1	52	157	56	162	3.84e-14	71.6
Pver_g2479.t1	sp|Q9Z0S2|LHX2_MOUSE	28.906	128	84	2	339	463	264	387	2.95e-09	55.5
Pver_g2480.t1	sp|P50458|LHX2_HUMAN	33.607	122	72	3	1	113	269	390	1.59e-10	55.8
Pver_g2481.t1	sp|Q9Z0S2|LHX2_MOUSE	42.373	59	34	0	56	114	265	323	1.39e-09	55.1
Pver_g2482.t1	sp|Q9Z0S2|LHX2_MOUSE	44.262	61	34	0	60	120	263	323	1.96e-11	58.5
Pver_g2483.t1	sp|Q9Z0S2|LHX2_MOUSE	42.857	63	36	0	73	135	262	324	2.87e-11	58.2
Pver_g2485.t1	sp|Q9Z0S2|LHX2_MOUSE	45.614	57	31	0	59	115	267	323	1.53e-11	59.7
Pver_g2486.t1	sp|Q9Z0S2|LHX2_MOUSE	38.554	83	51	0	32	114	241	323	4.00e-12	61.6
Pver_g2487.t1	sp|Q9Z0S2|LHX2_MOUSE	45.000	60	33	0	50	109	264	323	9.38e-11	57.8
Pver_g2488.t1	sp|P50458|LHX2_HUMAN	35.714	84	46	2	47	130	264	339	8.22e-10	55.5
Pver_g2494.t1	sp|O13953|EAF3_SCHPO	33.435	329	179	4	5	293	3	331	4.31e-64	202
Pver_g2503.t1	sp|Q9H6P5|TASP1_HUMAN	36.194	268	136	6	16	254	44	305	2.54e-36	132
Pver_g2504.t1	sp|Q498M4|WDR5_RAT	26.349	315	199	9	526	839	51	333	1.08e-24	103
Pver_g2511.t1	sp|Q7JW27|WASH1_DROME	33.467	499	283	15	6	465	11	499	2.78e-45	161
Pver_g2513.t2	sp|Q06205|FKBP4_YEAST	37.302	126	58	3	108	225	273	385	3.81e-16	78.2
Pver_g2517.t1	sp|A0A2H5Q1B8|TONSL_CITUN	21.868	471	303	12	251	693	18	451	2.00e-15	79.7
Pver_g2518.t1	sp|A0A2H5Q1B8|TONSL_CITUN	22.333	300	208	7	264	538	136	435	1.17e-13	71.2
Pver_g2523.t1	sp|Q9HDV4|LID2_SCHPO	54.167	48	21	1	76	122	271	318	1.80e-11	65.1
Pver_g2531.t1	sp|A0A2H5Q1B8|TONSL_CITUN	29.082	196	121	11	829	1015	874	1060	4.65e-08	54.3
Pver_g2539.t1	sp|Q8W4D0|CPY71_ARATH	50.000	66	30	2	256	320	554	617	1.65e-09	57.4
Pver_g2541.t1	sp|Q8N3J2|METL4_HUMAN	38.168	262	123	4	56	283	132	388	8.29e-56	190
Pver_g2543.t1	sp|Q6DE87|CHK1_XENLA	23.902	205	138	6	628	830	10	198	1.54e-07	51.6
Pver_g2544.t1	sp|Q8AYC9|CHK1_CHICK	23.874	222	149	5	489	709	11	213	1.75e-08	54.3
Pver_g2545.t2	sp|Q8AYC9|CHK1_CHICK	33.482	224	119	11	38	258	13	209	4.89e-18	85.5
Pver_g2558.t1	sp|Q7TQA3|RDHE2_MOUSE	30.688	189	120	4	4	187	41	223	6.62e-18	79.0
Pver_g2559.t1	sp|Q7TQA3|RDHE2_MOUSE	32.143	196	121	6	5	194	41	230	5.64e-19	82.0
Pver_g2560.t1	sp|Q8N3Y7|RDHE2_HUMAN	28.636	220	141	5	1	213	38	248	6.02e-14	67.8
Pver_g2569.t1	sp|Q9H2X6|HIPK2_HUMAN	28.488	172	103	4	35	199	174	332	1.05e-13	70.9
Pver_g2582.t2	sp|Q5DW34|EHMT1_MOUSE	33.878	245	148	4	802	1038	740	978	9.91e-30	125
Pver_g2584.t2	sp|Q8NB78|KDM1B_HUMAN	23.649	444	304	14	1641	2058	385	819	1.17e-23	105
Pver_g2587.t2	sp|Q96KQ7|EHMT2_HUMAN	30.488	246	130	6	3	216	654	890	1.08e-19	91.7
Pver_g2600.t1	sp|Q9UTM0|IEC1_SCHPO	26.471	102	62	2	117	205	26	127	1.36e-06	45.8
Pver_g2609.t1	sp|Q54KL5|WDR5_DICDI	24.252	301	213	8	5	294	38	334	8.52e-23	93.6
Pver_g2612.t1	sp|Q9V3I5|JIL1_DROME	36.728	324	187	7	477	782	255	578	3.27e-56	206
Pver_g2613.t1	sp|Q3U9G9|LBR_MOUSE	37.500	440	236	9	117	552	222	626	2.25e-84	271
Pver_g2637.t1	sp|Q08605|GAGA_DROME	26.923	130	90	3	195	324	19	143	2.24e-06	47.8
Pver_g2642.t1	sp|P49919|CDN1C_MOUSE	40.385	52	29	1	25	74	30	81	5.89e-08	48.5
Pver_g2644.t1	sp|A2R0B5|SUB2_ASPNC	34.862	109	64	2	404	508	315	420	7.95e-09	55.8
Pver_g2654.t1	sp|Q99MV1|TDRD1_MOUSE	33.333	105	66	2	1578	1679	764	867	1.33e-06	50.1
Pver_g2658.t1	sp|Q8W4D0|CPY71_ARATH	50.658	152	74	1	3	154	478	628	5.78e-49	163
Pver_g2663.t1	sp|A0A2H5Q1B8|TONSL_CITUN	23.371	445	292	9	126	530	16	451	9.80e-22	99.4
Pver_g2667.t1	sp|Q6Q4D0|TONS_ARATH	25.000	312	227	5	1059	1364	850	1160	2.69e-09	58.5
Pver_g2685.t1	sp|O93327|H2AY_CHICK	32.609	138	88	2	412	549	203	335	1.78e-10	59.7
Pver_g2700.t2	sp|Q5DW34|EHMT1_MOUSE	33.544	158	105	0	2277	2434	790	947	1.50e-15	80.5
Pver_g2720.t1	sp|Q62018|CTR9_MOUSE	27.492	331	189	15	774	1087	379	675	8.69e-11	63.9
Pver_g2725.t2	sp|P40340|ATAD2_YEAST	39.927	273	153	4	993	1257	411	680	4.10e-55	208
Pver_g2732.t1	sp|O95661|DIRA3_HUMAN	23.333	150	110	3	518	664	50	197	9.77e-08	50.1
Pver_g2737.t1	sp|Q9VGK7|ELP1_DROME	34.604	656	390	15	679	1327	624	1247	3.69e-100	345
Pver_g2743.t1	sp|Q9LHE4|CHR27_ARATH	27.677	878	428	19	430	1206	274	1045	1.62e-89	309
Pver_g2744.t1	sp|Q9H9B1|EHMT1_HUMAN	26.341	205	121	3	2	176	702	906	1.21e-13	65.9
Pver_g2748.t1	sp|P41830|CNR14_CAEEL	32.683	205	98	4	92	266	151	345	1.71e-26	108
Pver_g2752.t1	sp|Q54KL5|WDR5_DICDI	22.388	201	146	3	2848	3048	37	227	1.32e-11	65.5
Pver_g2774.t1	sp|P0CS17|UBC2_CRYNB	31.544	149	100	2	24	170	2	150	1.63e-24	90.9
Pver_g2778.t1	sp|Q13263|TIF1B_HUMAN	27.273	286	180	6	16	286	65	337	9.21e-23	102
Pver_g2799.t1	sp|Q9ZT71|STA1_ARATH	21.719	221	164	5	86	301	639	855	9.28e-08	52.0
Pver_g2806.t1	sp|Q96PK6|RBM14_HUMAN	28.571	77	54	1	3	78	80	156	7.92e-07	46.6
Pver_g2812.t1	sp|F6PHZ6|FKBP6_HORSE	39.404	302	176	3	95	392	9	307	5.78e-67	214
Pver_g2823.t1	sp|P39769|PHP_DROME	29.213	178	103	8	572	736	1408	1575	1.57e-10	61.2
Pver_g2827.t2	sp|Q6TV19|DICER_DANRE	27.000	200	129	5	99	284	16	212	5.62e-10	62.0
Pver_g2828.t1	sp|Q8N3Y7|RDHE2_HUMAN	26.389	144	96	5	115	252	38	177	9.37e-06	43.9
Pver_g2829.t2	sp|Q7TQA3|RDHE2_MOUSE	27.861	201	131	5	62	259	31	220	2.31e-13	69.3
Pver_g2849.t1	sp|A0A2H5Q1B8|TONSL_CITUN	23.415	410	283	6	255	633	42	451	1.67e-25	111
Pver_g2856.t1	sp|Q498M4|WDR5_RAT	31.034	261	162	8	58	312	40	288	8.48e-31	115
Pver_g2857.t1	sp|Q2KIG2|WDR5_BOVIN	27.698	278	183	4	50	311	44	319	3.19e-30	119
Pver_g2858.t1	sp|Q7TQA3|RDHE2_MOUSE	21.505	186	139	3	37	220	37	217	1.81e-08	51.6
Pver_g2874.t1	sp|P17947|SPI1_HUMAN	36.842	95	55	4	98	189	160	252	1.74e-10	57.4
Pver_g2875.t1	sp|P17947|SPI1_HUMAN	40.230	87	48	3	27	110	167	252	4.90e-13	65.5
Pver_g2887.t1	sp|A0A2H5Q1B8|TONSL_CITUN	23.902	410	263	8	456	845	71	451	4.50e-17	84.0
Pver_g2915.t1	sp|Q6FXI8|HAT2_CANGA	29.167	120	79	3	507	622	182	299	2.59e-08	53.5
Pver_g2925.t1	sp|Q8TEK3|DOT1L_HUMAN	66.261	329	110	1	8	335	5	333	4.56e-147	491
Pver_g2932.t1	sp|Q7KRI2|LOLAL_DROME	29.060	117	74	2	7	123	11	118	2.61e-06	43.1
Pver_g2938.t1	sp|P19339|SXL_DROME	27.586	174	115	6	2	173	125	289	2.76e-11	60.1
Pver_g2947.t1	sp|P52493|UBC2_NEUCR	35.652	115	70	2	3	117	4	114	2.40e-19	76.3
Pver_g2949.t2	sp|Q6DE87|CHK1_XENLA	30.097	206	131	7	43	242	15	213	2.27e-13	70.5
Pver_g2957.t1	sp|O14227|RDP1_SCHPO	25.277	451	238	17	83	483	520	921	1.45e-18	87.0
Pver_g2961.t1	sp|O14227|RDP1_SCHPO	20.528	492	323	14	100	551	533	996	1.16e-08	55.1
Pver_g2962.t1	sp|O14227|RDP1_SCHPO	27.619	420	257	16	118	506	519	922	6.45e-24	104
Pver_g2963.t2	sp|A0A2H5Q1B8|TONSL_CITUN	25.000	284	151	7	13	256	211	472	6.04e-14	74.3
Pver_g2965.t1	sp|A0A2H5Q1B8|TONSL_CITUN	22.454	432	300	9	116	514	22	451	1.07e-18	89.0
Pver_g2976.t2	sp|Q6DE87|CHK1_XENLA	32.323	198	126	4	542	734	15	209	3.28e-21	96.3
Pver_g3034.t2	sp|Q2NL51|GSK3A_MOUSE	31.148	305	179	9	55	347	119	404	9.10e-37	142
Pver_g3042.t1	sp|O93327|H2AY_CHICK	38.182	110	66	1	1662	1771	259	366	7.86e-14	72.4
Pver_g3043.t1	sp|O93327|H2AY_CHICK	25.434	173	116	5	1064	1224	197	368	1.23e-08	55.5
Pver_g3046.t1	sp|F1RCR6|TRIPC_DANRE	32.203	177	113	3	346	515	1836	2012	6.09e-20	90.9
Pver_g3052.t1	sp|Q7YR76|MYCD_PIG	33.920	398	209	13	3	360	16	399	1.51e-31	129
Pver_g3054.t1.1.5de5c9a2	sp|G5EEM6|TAB1_CAEEL	24.793	363	232	11	17	371	6	335	3.63e-18	82.8
Pver_g3056.t1	sp|Q5DW34|EHMT1_MOUSE	34.826	201	115	5	8	204	770	958	5.09e-16	79.0
Pver_g3059.t1	sp|Q8AYC9|CHK1_CHICK	28.804	184	121	6	1024	1205	34	209	2.12e-10	61.6
Pver_g3060.t2	sp|Q91ZN7|CHK1_RAT	25.000	256	158	11	559	805	44	274	3.95e-06	47.0
Pver_g3061.t2	sp|Q8AYC9|CHK1_CHICK	26.923	182	124	6	582	761	34	208	2.21e-06	48.1
Pver_g3073.t1	sp|Q9ASP6|HNRPQ_ARATH	35.593	59	38	0	17	75	116	174	1.73e-08	52.4
Pver_g3082.t1	sp|O14470|SSR2_SCHPO	59.375	128	52	0	446	573	11	138	2.76e-49	179
Pver_g3092.t1	sp|P59923|ZN445_HUMAN	31.636	550	240	11	344	763	485	1028	4.20e-71	253
Pver_g3099.t1	sp|Q96KQ7|EHMT2_HUMAN	30.097	206	135	4	421	623	687	886	8.61e-18	85.9
Pver_g3100.t1	sp|B7Z0E2|UNR_DROME	44.924	463	222	13	57	506	183	625	9.19e-109	356
Pver_g3101.t1	sp|O95661|DIRA3_HUMAN	25.000	148	106	3	21	165	50	195	1.50e-08	50.1
Pver_g3103.t1	sp|Q9GZV8|PRD14_HUMAN	31.402	328	175	8	319	634	266	555	5.06e-37	145
Pver_g3105.t1	sp|Q9W1R5|VIR_DROME	40.476	168	93	3	316	479	10	174	6.16e-29	121
Pver_g3106.t1	sp|Q8CDM1|ATAD2_MOUSE	32.131	305	171	6	309	591	77	367	3.78e-37	146
Pver_g3108.t1	sp|Q498M4|WDR5_RAT	24.706	255	160	7	573	804	45	290	6.26e-14	70.5
Pver_g3111.t1	sp|Q9V9N4|CLAMP_DROME	36.628	172	105	2	471	640	357	526	3.74e-31	125
Pver_g3117.t1	sp|P68271|MYC_FELCA	35.802	81	51	1	61	140	356	436	1.01e-07	49.7
Pver_g3118.t1	sp|Q69ZX6|MOR2A_MOUSE	57.191	598	243	5	6	600	5	592	0.0	704
Pver_g3121.t1	sp|O02073|TBX18_CAEEL	23.276	232	133	7	113	321	167	376	2.10e-13	68.2
Pver_g3122.t1	sp|O02073|TBX18_CAEEL	23.256	215	123	6	111	301	167	363	3.45e-12	64.3
Pver_g3124.t1	sp|Q6DE87|CHK1_XENLA	30.000	270	177	5	19	285	5	265	3.82e-36	135
Pver_g3126.t1	sp|P50458|LHX2_HUMAN	30.000	100	57	2	107	206	261	347	1.04e-06	45.1
Pver_g3128.t1	sp|Q9V3I5|JIL1_DROME	36.395	294	177	5	215	498	256	549	3.33e-54	198
Pver_g3143.t1	sp|P84228|H32_MOUSE	95.283	106	5	0	1	106	1	106	4.10e-68	206
Pver_g3152.t1	sp|Q1LZ53|DNM3A_RAT	47.042	693	314	10	33	703	246	907	0.0	624
Pver_g3156.t1	sp|Q12018|CDC53_YEAST	30.266	826	489	15	15	770	7	815	4.82e-126	393
Pver_g3158.t2	sp|Q8N3Y7|RDHE2_HUMAN	26.087	92	64	1	11	102	40	127	5.50e-07	48.5
Pver_g3172.t1	sp|B4F6W9|TRIPC_XENTR	26.596	470	255	15	668	1063	1603	2056	6.22e-34	138
Pver_g3176.t1	sp|P61978|HNRPK_HUMAN	24.000	225	140	8	16	216	45	262	8.88e-08	50.4
Pver_g3182.t1	sp|Q6DE87|CHK1_XENLA	32.000	300	149	12	9	283	5	274	9.03e-30	114
Pver_g3190.t1	sp|Q2KIG2|WDR5_BOVIN	32.168	143	92	4	59	199	93	232	4.88e-14	70.5
Pver_g3194.t1	sp|Q9Y7N0|BDF1_SCHPO	37.600	125	69	4	451	570	248	368	7.08e-19	86.7
Pver_g3198.t1	sp|P50458|LHX2_HUMAN	31.792	173	108	5	65	231	230	398	4.91e-11	60.1
Pver_g3199.t2	sp|O95661|DIRA3_HUMAN	29.333	150	96	5	30	173	50	195	5.63e-10	54.3
Pver_g3204.t1	sp|Q3MSQ8|DDX4_PELLE	23.362	351	225	14	89	414	311	642	3.99e-09	55.5
Pver_g3212.t2	sp|Q497V6|BAHD1_MOUSE	33.548	155	73	6	2840	2965	608	761	6.41e-13	72.0
Pver_g3217.t1	sp|A0A2H5Q1B8|TONSL_CITUN	29.819	332	222	8	1265	1589	836	1163	1.93e-16	82.8
Pver_g3238.t1	sp|Q8R418|DICER_MOUSE	29.082	196	112	4	22	217	45	213	4.10e-16	79.7
Pver_g3247.t1	sp|P18266|GSK3B_RAT	35.811	296	166	10	7	289	56	340	1.90e-51	173
Pver_g3249.t1	sp|Q9H160|ING2_HUMAN	71.429	56	16	0	341	396	204	259	6.85e-29	111
Pver_g3257.t1	sp|Q9EQQ0|SUV92_MOUSE	47.857	280	134	5	201	475	204	476	7.28e-89	276
Pver_g3261.t2	sp|Q91ZN7|CHK1_RAT	34.959	246	152	4	505	746	14	255	4.99e-36	139
Pver_g3277.t1	sp|P41182|BCL6_HUMAN	35.762	151	89	3	100	242	498	648	2.76e-23	95.1
Pver_g3284.t1	sp|A0A2H5Q1B8|TONSL_CITUN	24.167	480	309	11	547	1003	18	465	3.14e-22	100
Pver_g3296.t1	sp|Q54KL5|WDR5_DICDI	24.818	137	91	3	456	592	82	206	3.52e-07	50.4
Pver_g3302.t1	sp|P63159|HMGB1_RAT	39.560	91	54	1	43	133	74	163	7.64e-11	58.2
Pver_g3306.t1	sp|O74964|RSC1_SCHPO	28.079	203	134	4	85	283	277	471	1.00e-21	98.2
Pver_g3352.t1	sp|P84245|H33_RAT	98.519	135	2	0	1	135	1	135	3.61e-91	271
Pver_g3354.t1	sp|O95661|DIRA3_HUMAN	31.319	182	117	5	12	189	35	212	3.08e-16	71.6
Pver_g3369.t1	sp|Q86X51|EZHIP_HUMAN	38.272	81	50	0	241	321	262	342	4.40e-06	47.4
Pver_g3383.t1	sp|Q8LPQ9|FPA_ARATH	33.010	103	65	2	91	189	20	122	9.58e-12	64.3
Pver_g3386.t1	sp|Q9V9N4|CLAMP_DROME	44.848	165	91	0	1082	1246	358	522	4.93e-46	172
Pver_g3402.t1	sp|Q9ASP6|HNRPQ_ARATH	25.503	149	96	6	67	212	117	253	1.46e-06	46.6
Pver_g3403.t1	sp|Q9ASP6|HNRPQ_ARATH	22.886	201	123	7	3	187	95	279	3.75e-10	56.6
Pver_g3414.t2	sp|Q91ZN7|CHK1_RAT	36.559	93	57	2	1097	1187	106	198	5.26e-09	56.6
Pver_g3419.t2	sp|Q9V9N4|CLAMP_DROME	39.024	164	86	8	9	168	361	514	5.73e-25	107
Pver_g3428.t1	sp|P79457|UTY_MOUSE	23.297	279	167	10	1957	2225	101	342	4.42e-07	52.4
Pver_g3435.t1	sp|Q62318|TIF1B_MOUSE	24.611	321	214	8	16	325	66	369	5.88e-17	80.1
Pver_g3447.t1	sp|Q13263|TIF1B_HUMAN	28.302	265	154	9	24	273	76	319	6.50e-20	91.3
Pver_g3449.t1	sp|Q13263|TIF1B_HUMAN	27.016	248	152	7	25	262	77	305	7.31e-19	87.8
Pver_g3450.t1	sp|Q2KIG2|WDR5_BOVIN	40.816	49	29	0	26	74	112	160	6.89e-09	48.1
Pver_g3451.t1	sp|Q13263|TIF1B_HUMAN	27.016	248	144	8	25	257	77	302	3.30e-16	80.1
Pver_g3461.t1	sp|Q62018|CTR9_MOUSE	35.398	113	66	4	231	342	1037	1143	5.65e-06	44.7
Pver_g3463.t1	sp|Q9LHE4|CHR27_ARATH	32.530	83	49	3	206	284	721	800	2.11e-07	48.9
Pver_g3488.t1	sp|Q6DE87|CHK1_XENLA	33.559	295	174	7	90	371	11	296	5.23e-43	153
Pver_g3500.t1	sp|Q9Y7X8|ARP5_SCHPO	34.266	715	420	13	34	717	23	718	8.54e-124	383
Pver_g3516.t1	sp|Q9P7X7|ARP4_SCHPO	32.969	458	252	8	1	429	1	432	3.85e-79	248
Pver_g3521.t2	sp|F4JWT7|TRDMT_ARATH	45.294	170	62	4	7	146	16	184	2.11e-33	130
Pver_g3522.t1	sp|F4JWT7|TRDMT_ARATH	49.669	151	67	2	481	623	35	184	2.09e-37	141
Pver_g3528.t1	sp|Q5DW34|EHMT1_MOUSE	30.460	174	102	3	118	274	806	977	7.13e-09	55.8
Pver_g3534.t1	sp|Q94K49|ALP1_ARATH	28.877	187	123	4	116	293	170	355	1.14e-23	96.7
Pver_g3557.t1	sp|A0A2H5Q1B8|TONSL_CITUN	21.224	490	335	10	813	1282	20	478	4.15e-20	95.1
Pver_g3558.t1	sp|Q8AYC9|CHK1_CHICK	26.776	183	114	6	439	615	30	198	3.39e-06	46.6
Pver_g3573.t2	sp|A0A2H5Q1B8|TONSL_CITUN	24.021	383	222	11	3	333	78	443	1.39e-14	75.5
Pver_g3578.t1	sp|Q8AYC9|CHK1_CHICK	29.787	141	77	5	718	854	15	137	8.53e-07	49.3
Pver_g3579.t1	sp|Q6DE87|CHK1_XENLA	28.037	214	132	7	712	919	8	205	4.41e-15	76.3
Pver_g3587.t1	sp|O95661|DIRA3_HUMAN	24.713	174	117	4	16	182	46	212	6.17e-07	45.4
Pver_g3590.t1	sp|Q6PDK2|KMT2D_MOUSE	25.095	263	191	4	2919	3178	566	825	3.42e-10	63.2
Pver_g3614.t1	sp|O14757|CHK1_HUMAN	30.085	236	131	9	1502	1735	6	209	9.03e-15	75.9
Pver_g3645.t1	sp|Q6DE87|CHK1_XENLA	32.404	287	184	7	5	288	2	281	4.16e-37	139
Pver_g3653.t1	sp|Q5DW34|EHMT1_MOUSE	27.715	267	178	5	134	397	747	1001	2.33e-12	68.9
Pver_g3674.t1	sp|Q6DE87|CHK1_XENLA	25.818	275	154	10	116	356	8	266	3.05e-15	73.2
Pver_g3675.t1	sp|O13799|YE02_SCHPO	33.333	81	52	1	487	567	434	512	2.08e-07	51.2
Pver_g3689.t1	sp|O08760|OGG1_MOUSE	47.799	318	141	4	18	332	30	325	8.50e-105	309
Pver_g3704.t1	sp|Q9QZ67|PPM1D_MOUSE	47.293	351	164	7	41	374	92	438	4.21e-103	315
Pver_g3707.t1	sp|Q5DW34|EHMT1_MOUSE	29.231	130	81	5	792	918	809	930	7.87e-08	53.1
Pver_g3708.t2	sp|Q5DW34|EHMT1_MOUSE	35.200	125	75	3	257	379	770	890	4.84e-09	55.5
Pver_g3717.t1	sp|F1RET2|SMYD5_DANRE	24.810	395	207	17	235	582	31	382	1.72e-09	57.4
Pver_g3719.t1	sp|Q54KL5|WDR5_DICDI	29.560	159	100	5	78	236	86	232	2.70e-17	79.3
Pver_g3720.t2	sp|Q9NDJ2|DOM_DROME	50.709	917	344	11	538	1399	477	1340	0.0	873
Pver_g3721.t1	sp|Q08773|ISW2_YEAST	31.391	532	302	10	303	822	181	661	3.74e-72	256
Pver_g3726.t1	sp|O13282|TAF5_SCHPO	21.500	200	112	8	259	432	320	500	8.61e-07	49.3
Pver_g3727.t1	sp|F6PHZ6|FKBP6_HORSE	26.596	188	126	4	146	326	122	304	1.48e-07	48.9
Pver_g3743.t1	sp|Q13263|TIF1B_HUMAN	26.108	203	124	7	16	204	65	255	1.25e-12	68.6
Pver_g3749.t1	sp|Q5DW34|EHMT1_MOUSE	30.682	264	159	4	523	783	736	978	5.97e-25	109
Pver_g3752.t1	sp|A2CG63|ARI4B_MOUSE	31.159	138	86	4	632	761	312	448	2.08e-14	75.1
Pver_g3755.t1	sp|Q9V9N4|CLAMP_DROME	50.735	136	67	0	151	286	359	494	6.25e-44	154
Pver_g3760.t1	sp|Q61496|DDX4_MOUSE	57.143	35	15	0	204	238	582	616	3.73e-08	52.4
Pver_g3761.t1	sp|Q96KQ7|EHMT2_HUMAN	28.931	159	111	2	163	320	698	855	2.41e-10	61.2
Pver_g3762.t1	sp|Q5DW34|EHMT1_MOUSE	33.333	144	92	3	259	401	784	924	1.18e-14	75.9
Pver_g3767.t1	sp|Q02061|RPB2_SCHPO	59.564	1056	371	9	22	1028	12	1060	0.0	1294
Pver_g3775.t1	sp|A0A2H5Q1B8|TONSL_CITUN	25.379	264	180	4	125	374	203	463	1.11e-15	75.5
Pver_g3778.t1	sp|Q9Z0S2|LHX2_MOUSE	41.667	72	42	0	24	95	263	334	8.83e-12	61.2
Pver_g3779.t1	sp|Q498M4|WDR5_RAT	29.305	331	225	4	15	340	4	330	2.45e-43	149
Pver_g3780.t1	sp|Q5DW34|EHMT1_MOUSE	30.612	196	122	4	803	997	795	977	3.11e-14	74.3
Pver_g3782.t1	sp|P50458|LHX2_HUMAN	44.348	115	62	2	19	133	53	165	1.29e-27	102
Pver_g3799.t1	sp|A0A2H5Q1B8|TONSL_CITUN	24.374	439	287	10	501	901	20	451	3.22e-22	102
Pver_g3802.t1	sp|Q02874|H2AY_RAT	28.736	174	112	5	1481	1644	193	364	4.55e-12	67.0
Pver_g3803.t1	sp|O93327|H2AY_CHICK	32.231	121	74	2	930	1044	248	366	7.27e-13	68.9
Pver_g3804.t1	sp|O93327|H2AY_CHICK	32.044	181	115	5	1098	1273	181	358	1.25e-14	74.7
Pver_g3805.t1	sp|O93327|H2AY_CHICK	32.231	121	74	2	784	898	248	366	8.07e-13	68.6
Pver_g3806.t1	sp|O93327|H2AY_CHICK	32.044	181	115	5	2870	3045	181	358	2.25e-14	74.7
Pver_g3807.t1	sp|Q02874|H2AY_RAT	25.641	195	123	6	2227	2411	182	364	1.40e-11	65.9
Pver_g3817.t1	sp|Q14BI7|TDRD9_MOUSE	27.429	175	115	5	239	407	864	1032	1.13e-06	49.3
Pver_g3826.t2	sp|Q498M4|WDR5_RAT	27.961	304	172	8	2227	2511	38	313	8.11e-31	123
Pver_g3830.t1	sp|Q8AYC9|CHK1_CHICK	29.496	278	175	8	657	921	13	282	3.57e-28	118
Pver_g3836.t1	sp|Q9VW97|LSDA_DROME	37.647	85	41	3	90	170	268	344	5.16e-06	46.2
Pver_g3838.t1	sp|P50458|LHX2_HUMAN	26.230	122	86	1	119	236	264	385	1.39e-07	48.5
Pver_g3855.t1	sp|Q5UIP0|RIF1_HUMAN	34.249	1165	665	32	425	1564	11	1099	1.93e-172	586
Pver_g3865.t1	sp|Q54KL5|WDR5_DICDI	30.508	236	128	7	195	427	40	242	1.03e-22	95.5
Pver_g3868.t1	sp|Q14669|TRIPC_HUMAN	27.119	413	229	16	1759	2112	1587	1986	5.62e-29	124
Pver_g3869.t1	sp|Q9V3I5|JIL1_DROME	29.066	289	171	10	12	282	259	531	2.92e-24	100
Pver_g3883.t1	sp|Q80W54|FACE1_MOUSE	62.121	462	161	1	7	468	22	469	0.0	582
Pver_g3886.t1	sp|Q498M4|WDR5_RAT	26.404	356	196	14	14	361	33	330	1.87e-18	84.0
Pver_g3889.t1	sp|Q6Q4D0|TONS_ARATH	25.306	245	156	4	251	474	30	268	8.67e-13	69.3
Pver_g3900.t2	sp|G5EET5|CBXH1_CAEEL	39.706	68	39	1	2114	2181	34	99	9.06e-10	57.0
Pver_g3921.t1	sp|A0A2H5Q1B8|TONSL_CITUN	22.120	434	301	8	357	756	1	431	5.02e-19	90.1
Pver_g3930.t1	sp|O59797|YCO6_SCHPO	36.288	361	181	8	10	368	26	339	6.27e-60	196
Pver_g3932.t1	sp|Q84W92|ANM13_ARATH	34.675	323	198	7	183	494	141	461	1.77e-54	188
Pver_g3937.t1	sp|P32807|KU70_YEAST	23.757	362	239	12	161	494	164	516	3.54e-16	78.6
Pver_g3938.t1	sp|O97159|CHDM_DROME	54.348	46	21	0	348	393	436	481	7.73e-15	74.3
Pver_g3942.t1	sp|A0A2H5Q1B8|TONSL_CITUN	23.902	410	257	9	83	469	74	451	2.11e-16	82.4
Pver_g3956.t1	sp|Q7KRI2|LOLAL_DROME	33.333	93	59	2	28	120	27	116	8.23e-10	53.9
Pver_g3957.t1	sp|Q7KRI2|LOLAL_DROME	28.972	107	73	2	13	119	13	116	3.94e-08	48.9
Pver_g3958.t1	sp|Q7KRI2|LOLAL_DROME	31.183	93	61	2	27	119	27	116	8.79e-10	53.9
Pver_g3959.t1	sp|Q7KRI2|LOLAL_DROME	32.558	86	55	2	810	895	27	109	5.07e-08	50.1
Pver_g3960.t1	sp|Q7KRI2|LOLAL_DROME	31.183	93	61	2	27	119	27	116	2.51e-07	47.4
Pver_g3969.t1	sp|Q6FLD5|RPB2_CANGA	28.824	1242	705	38	9	1134	33	1211	1.64e-114	382
Pver_g3971.t1	sp|Q9H2F5|EPC1_HUMAN	47.283	552	245	14	1	524	1	534	6.47e-142	432
Pver_g3973.t2	sp|Q9Y6K1|DNM3A_HUMAN	39.806	103	58	2	1267	1365	246	348	9.16e-14	73.2
Pver_g3987.t1	sp|Q9ASP6|HNRPQ_ARATH	23.397	312	179	14	11	319	117	371	2.38e-13	69.7
Pver_g4013.t1	sp|Q26263|DPN_DROME	44.444	63	33	1	61	121	36	98	4.10e-09	53.9
Pver_g4028.t1	sp|O95661|DIRA3_HUMAN	30.220	182	118	4	24	198	50	229	3.71e-23	89.7
Pver_g4029.t1	sp|Q9WV60|GSK3B_MOUSE	30.571	350	198	9	526	861	34	352	6.37e-40	150
Pver_g4039.t2	sp|Q13263|TIF1B_HUMAN	19.939	326	219	7	964	1269	65	368	1.41e-16	82.8
Pver_g4040.t2	sp|Q6DE87|CHK1_XENLA	28.037	214	113	12	107	305	11	198	3.11e-06	48.5
Pver_g4041.t1	sp|Q8AYC9|CHK1_CHICK	29.680	219	133	8	211	424	11	213	2.69e-14	71.6
Pver_g4047.t1	sp|P54791|ORC4_YEAST	29.060	351	207	13	43	358	75	418	5.54e-31	121
Pver_g4048.t1	sp|P49840|GSK3A_HUMAN	35.762	302	168	11	3	290	118	407	5.43e-53	177
Pver_g4049.t1	sp|O35280|CHK1_MOUSE	27.536	207	122	11	208	407	13	198	5.87e-09	55.1
Pver_g4055.t1	sp|Q91YE5|BAZ2A_MOUSE	34.823	537	269	13	1557	2068	1401	1881	1.70e-86	312
Pver_g4063.t1	sp|Q10572|FOX1_CAEEL	37.975	79	42	3	157	231	198	273	5.67e-10	56.2
Pver_g4079.t1	sp|Q9HFE8|TRA1_SCHPO	23.555	2301	1372	69	502	2607	526	2634	2.97e-121	428
Pver_g4087.t1	sp|O93327|H2AY_CHICK	24.719	178	119	4	555	729	194	359	5.10e-12	66.2
Pver_g4088.t1	sp|Q6J6J0|BRCA1_PONPY	42.222	45	17	2	5	43	24	65	1.84e-06	44.3
Pver_g4089.t1	sp|Q62158|TRI27_MOUSE	22.956	318	180	13	6	298	5	282	5.99e-11	61.6
Pver_g4090.t1	sp|O93327|H2AY_CHICK	34.058	138	86	2	413	550	203	335	2.63e-12	65.5
Pver_g4091.t1	sp|O93327|H2AY_CHICK	26.667	180	123	2	967	1146	195	365	4.02e-12	67.0
Pver_g4092.t1	sp|Q2HJ46|RNF8_BOVIN	30.208	96	50	3	7	92	395	483	1.81e-07	50.4
Pver_g4094.t1	sp|O75367|H2AY_HUMAN	29.703	101	65	3	376	476	272	366	2.09e-07	50.1
Pver_g4095.t1	sp|O75367|H2AY_HUMAN	30.500	200	130	5	375	574	176	366	8.91e-19	85.9
Pver_g4096.t1	sp|Q02874|H2AY_RAT	27.168	173	120	3	384	556	196	362	2.26e-14	72.4
Pver_g4097.t1	sp|Q13263|TIF1B_HUMAN	23.936	376	223	13	18	361	65	409	9.11e-21	94.7
Pver_g4099.t1	sp|Q5DW34|EHMT1_MOUSE	29.583	240	166	2	648	884	740	979	2.18e-21	97.4
Pver_g4106.t2	sp|Q9H9B1|EHMT1_HUMAN	42.254	213	123	0	493	705	733	945	5.82e-54	202
Pver_g4121.t1	sp|Q5DW34|EHMT1_MOUSE	23.109	238	160	8	679	914	728	944	2.22e-08	55.5
Pver_g4126.t1	sp|Q54KL5|WDR5_DICDI	25.652	230	144	7	86	314	45	248	1.85e-14	70.1
Pver_g4128.t1	sp|Q09591|MIX1_CAEEL	30.864	162	81	4	1015	1176	1046	1176	1.59e-17	85.1
Pver_g4138.t1	sp|O95251|KAT7_HUMAN	53.187	455	177	5	238	687	184	607	9.42e-168	491
Pver_g4139.t1	sp|Q498M4|WDR5_RAT	27.969	261	180	6	20	275	33	290	3.60e-21	92.0
Pver_g4140.t1	sp|Q26263|DPN_DROME	39.474	114	64	3	12	125	41	149	3.47e-17	76.6
Pver_g4142.t1	sp|Q8AYC9|CHK1_CHICK	28.169	213	138	5	84	290	15	218	3.58e-14	70.5
Pver_g4175.t1	sp|P38398|BRCA1_HUMAN	40.909	44	24	1	411	454	24	65	1.22e-06	48.1
Pver_g4189.t1	sp|O14227|RDP1_SCHPO	29.662	799	483	21	412	1176	453	1206	1.88e-89	316
Pver_g4209.t1	sp|A0A2H5Q1B8|TONSL_CITUN	30.625	160	93	3	26	182	168	312	5.40e-13	67.4
Pver_g4210.t1	sp|A0A2H5Q1B8|TONSL_CITUN	22.944	462	321	12	371	800	20	478	1.67e-20	95.5
Pver_g4212.t1	sp|Q7KRI2|LOLAL_DROME	27.358	106	72	3	32	136	18	119	5.98e-08	48.5
Pver_g4214.t1	sp|Q7KRI2|LOLAL_DROME	28.283	99	66	3	7	104	32	126	1.80e-07	46.6
Pver_g4216.t1	sp|Q7KRI2|LOLAL_DROME	27.723	101	68	3	32	131	18	114	4.49e-08	48.9
Pver_g4217.t1	sp|O14757|CHK1_HUMAN	25.946	185	104	9	983	1153	15	180	8.29e-07	49.7
Pver_g4223.t1	sp|P10361|P53_RAT	34.733	262	146	10	53	298	96	348	8.57e-36	132
Pver_g4227.t1	sp|Q6Q4D0|TONS_ARATH	24.390	246	165	3	33	257	18	263	5.82e-10	57.8
Pver_g4228.t2	sp|Q5DW34|EHMT1_MOUSE	29.707	239	165	2	927	1162	740	978	8.50e-23	102
Pver_g4233.t1.1.5de5c9c2	sp|Q5DW34|EHMT1_MOUSE	30.112	269	178	5	59	319	716	982	2.42e-29	116
Pver_g4241.t1	sp|P22227|ZFP42_MOUSE	35.833	120	59	4	463	570	138	251	4.86e-12	65.5
Pver_g4245.t1	sp|Q9V9N4|CLAMP_DROME	38.922	167	100	2	494	660	360	524	4.07e-40	152
Pver_g4258.t1	sp|Q6ZV65|FA47E_HUMAN	30.541	370	216	10	44	409	39	371	9.83e-40	144
Pver_g4259.t1	sp|Q9V3I5|JIL1_DROME	25.571	219	134	8	786	993	267	467	1.63e-10	62.0
Pver_g4260.t1	sp|Q8AYC9|CHK1_CHICK	28.311	219	138	7	885	1101	7	208	6.78e-14	72.4
Pver_g4265.t1	sp|Q2LAE1|ASHH2_ARATH	31.852	135	65	5	285	401	1043	1168	4.85e-08	52.0
Pver_g4267.t1	sp|Q9WTV7|RNF12_MOUSE	35.789	95	56	2	358	452	502	591	8.02e-14	71.2
Pver_g4279.t1	sp|A0A2H5Q1B8|TONSL_CITUN	22.738	431	302	6	76	475	1	431	1.13e-15	80.1
Pver_g4284.t1	sp|Q9Z0S2|LHX2_MOUSE	50.000	278	102	5	19	259	48	325	8.99e-96	285
Pver_g4296.t2	sp|O94529|POB3_SCHPO	37.547	530	296	8	298	812	1	510	1.90e-114	360
Pver_g4302.t1	sp|O13799|YE02_SCHPO	27.397	219	141	6	832	1047	79	282	5.92e-14	73.6
Pver_g4303.t1	sp|O13799|YE02_SCHPO	41.667	96	49	1	1309	1397	422	517	3.41e-16	81.3
Pver_g4332.t1	sp|P49840|GSK3A_HUMAN	27.650	217	121	11	487	688	125	320	6.45e-13	68.2
Pver_g4336.t1	sp|Q8AYC9|CHK1_CHICK	30.588	170	108	5	56	220	91	255	7.88e-20	90.1
Pver_g4337.t1	sp|Q93009|UBP7_HUMAN	31.746	126	76	2	571	689	448	570	1.89e-11	65.1
Pver_g4367.t1	sp|Q8CDM1|ATAD2_MOUSE	37.755	294	170	7	811	1096	56	344	3.45e-48	183
Pver_g4372.t1	sp|Q8AYC9|CHK1_CHICK	26.984	189	108	6	524	712	4	162	2.48e-12	66.6
Pver_g4376.t1	sp|Q9V3I5|JIL1_DROME	28.571	259	167	7	222	465	258	513	3.00e-23	104
Pver_g4380.t1	sp|Q7TQA3|RDHE2_MOUSE	25.692	253	147	10	25	263	31	256	6.53e-10	55.5
Pver_g4382.t1	sp|P52493|UBC2_NEUCR	28.676	136	93	4	94	228	9	141	5.51e-11	56.6
Pver_g4384.t1	sp|Q498M4|WDR5_RAT	29.435	248	169	4	14	257	41	286	2.18e-34	130
Pver_g4391.t1	sp|Q9Y5W3|KLF2_HUMAN	62.500	80	30	0	159	238	274	353	1.61e-30	113
Pver_g4403.t1	sp|Q6C093|UBC2_YARLI	33.577	137	91	0	286	422	7	143	3.50e-30	111
Pver_g4415.t1	sp|P49840|GSK3A_HUMAN	36.667	300	166	8	4	291	119	406	1.27e-52	176
Pver_g4420.t1	sp|O95661|DIRA3_HUMAN	32.432	148	97	2	19	164	50	196	8.05e-21	83.2
Pver_g4422.t1	sp|Q8IWV8|UBR2_HUMAN	24.066	482	308	17	302	748	374	832	2.65e-24	108
Pver_g4431.t1	sp|A0A2H5Q1B8|TONSL_CITUN	25.776	419	269	8	109	496	44	451	1.29e-29	126
Pver_g4442.t2	sp|Q8CIG3|KDM1B_MOUSE	24.427	393	251	13	116	487	368	735	3.76e-12	65.5
Pver_g4452.t1	sp|Q9WTV7|RNF12_MOUSE	42.553	47	22	1	569	615	546	587	6.40e-08	52.4
Pver_g4453.t1	sp|P08046|EGR1_MOUSE	74.359	117	29	1	277	392	311	427	5.82e-58	195
Pver_g4455.t1	sp|P41183|BCL6_MOUSE	29.412	119	75	3	16	130	15	128	1.78e-07	50.8
Pver_g4461.t1	sp|A0A2H5Q1B8|TONSL_CITUN	26.984	315	209	8	1033	1334	841	1147	9.19e-06	47.4
Pver_g4463.t1	sp|Q93009|UBP7_HUMAN	40.625	288	146	8	122	409	185	447	2.06e-51	194
Pver_g4508.t1	sp|Q6DE87|CHK1_XENLA	25.704	284	174	8	1749	2017	12	273	2.07e-14	74.7
Pver_g4509.t2	sp|Q8AYC9|CHK1_CHICK	30.726	179	105	3	28	206	11	170	2.90e-15	71.6
Pver_g4510.t1	sp|Q6DE87|CHK1_XENLA	25.899	278	175	8	483	748	12	270	3.67e-15	75.5
Pver_g4511.t2	sp|Q8AYC9|CHK1_CHICK	32.773	119	64	2	214	332	50	152	1.06e-08	55.1
Pver_g4526.t1	sp|Q54PN9|ING1_DICDI	28.814	59	42	0	997	1055	259	317	1.94e-06	48.1
Pver_g4532.t1	sp|Q9Z0S2|LHX2_MOUSE	34.286	70	46	0	95	164	263	332	2.88e-07	45.8
Pver_g4534.t1	sp|Q8BTQ0|PCGF3_MOUSE	55.918	245	97	3	1	239	2	241	5.99e-97	280
Pver_g4535.t1	sp|Q8BTQ0|PCGF3_MOUSE	33.784	148	67	4	1	134	74	204	1.57e-18	75.5
Pver_g4536.t1	sp|O14757|CHK1_HUMAN	26.733	202	135	5	1974	2167	8	204	1.41e-08	56.6
Pver_g4548.t2	sp|Q9V9N4|CLAMP_DROME	45.802	131	69	1	523	653	362	490	2.02e-33	132
Pver_g4551.t2	sp|Q80TP3|UBR5_MOUSE	41.270	63	36	1	2700	2761	1169	1231	2.33e-09	61.2
Pver_g4564.t1	sp|P06537|GCR_MOUSE	26.621	293	189	7	202	491	436	705	3.26e-28	116
Pver_g4568.t1	sp|Q498M4|WDR5_RAT	24.611	321	203	10	902	1215	46	334	1.51e-20	91.3
Pver_g4572.t1	sp|Q9H9B1|EHMT1_HUMAN	29.193	161	112	2	902	1061	810	969	2.31e-12	68.2
Pver_g4579.t1	sp|P14731|LMNB1_CHICK	32.231	121	70	4	193	311	243	353	9.36e-06	44.3
Pver_g4589.t2	sp|Q6AYK9|CDYL_RAT	26.667	150	106	2	162	308	441	589	2.46e-10	60.1
Pver_g4591.t1	sp|Q6AYK9|CDYL_RAT	28.155	103	74	0	2	104	450	552	5.32e-08	51.6
Pver_g4602.t3	sp|Q5DW34|EHMT1_MOUSE	31.818	176	113	5	34	206	738	909	3.05e-18	87.0
Pver_g4606.t2	sp|P79457|UTY_MOUSE	63.203	462	163	3	817	1274	746	1204	0.0	629
Pver_g4607.t2	sp|Q6DE87|CHK1_XENLA	25.926	270	176	7	727	991	11	261	2.59e-14	73.2
Pver_g4609.t1	sp|P63095|GNAS2_RAT	37.270	381	203	6	11	357	15	393	8.79e-79	244
Pver_g4611.t1	sp|Q803I4|RING2_DANRE	28.283	99	62	1	210	299	2	100	4.83e-06	46.6
Pver_g4614.t1	sp|O43017|SWD3_SCHPO	24.731	186	130	5	502	681	34	215	4.33e-10	59.7
Pver_g4615.t1	sp|Q93009|UBP7_HUMAN	60.992	1069	400	12	20	1080	43	1102	0.0	1341
Pver_g4626.t1	sp|P63159|HMGB1_RAT	27.465	142	92	3	106	236	3	144	1.45e-09	53.1
Pver_g4638.t1	sp|Q13263|TIF1B_HUMAN	23.361	244	145	8	16	241	65	284	1.24e-13	70.9
Pver_g4641.t1	sp|Q13263|TIF1B_HUMAN	25.126	199	120	8	356	542	114	295	1.61e-11	65.1
Pver_g4642.t1	sp|Q13263|TIF1B_HUMAN	22.680	194	131	6	28	214	114	295	1.65e-10	61.2
Pver_g4644.t1	sp|Q99MV1|TDRD1_MOUSE	28.780	205	134	5	292	491	477	674	3.02e-12	67.8
Pver_g4649.t1	sp|P08970|SUHW_DROME	45.652	138	70	1	73	205	382	519	6.77e-36	133
Pver_g4655.t2	sp|Q91372|DDX4_XENLA	34.722	360	202	11	568	914	291	630	5.85e-48	180
Pver_g4664.t1	sp|Q8AYC9|CHK1_CHICK	26.291	213	134	7	629	834	8	204	1.22e-12	67.8
Pver_g4676.t2	sp|O94421|SNF22_SCHPO	20.279	646	416	26	442	1028	86	691	1.11e-06	52.8
Pver_g4687.t1	sp|Q9V3I5|JIL1_DROME	36.937	333	189	8	12	324	253	584	5.02e-64	216
Pver_g4688.t1	sp|Q03164|KMT2A_HUMAN	35.000	720	388	13	794	1469	1390	2073	5.05e-123	431
Pver_g4694.t1	sp|Q8BX09|RBBP5_MOUSE	60.641	343	113	6	806	1129	149	488	5.36e-130	405
Pver_g4696.t1	sp|Q8AYC9|CHK1_CHICK	35.354	99	56	4	296	388	117	213	1.56e-08	55.5
Pver_g4699.t1	sp|Q13263|TIF1B_HUMAN	23.547	327	203	12	14	318	65	366	9.35e-13	68.6
Pver_g4702.t1	sp|Q13263|TIF1B_HUMAN	22.630	327	206	12	36	340	65	366	4.11e-12	66.2
Pver_g4703.t2	sp|Q13263|TIF1B_HUMAN	20.312	320	222	8	73	377	65	366	7.42e-13	70.9
Pver_g4721.t3	sp|Q8AYC9|CHK1_CHICK	35.741	263	159	5	539	797	9	265	5.23e-40	151
Pver_g4742.t1	sp|Q8LPQ9|FPA_ARATH	35.065	77	44	1	26	102	17	87	3.16e-06	42.7
Pver_g4744.t2	sp|Q08D62|MAEL_XENTR	32.081	346	204	8	167	494	7	339	5.02e-46	166
Pver_g4748.t1	sp|A0A2H5Q1B8|TONSL_CITUN	27.682	289	187	8	710	980	167	451	2.94e-15	78.6
Pver_g4763.t1	sp|E9Q3T6|PRD14_MOUSE	39.655	116	68	1	132	247	257	370	2.03e-26	109
Pver_g4764.t1	sp|E9Q3T6|PRD14_MOUSE	31.771	192	122	3	76	265	185	369	4.35e-28	112
Pver_g4765.t1	sp|E9Q3T6|PRD14_MOUSE	31.579	209	131	4	9	216	176	373	2.62e-27	112
Pver_g4766.t1	sp|E9Q3T6|PRD14_MOUSE	30.189	212	126	6	28	239	184	373	2.38e-23	99.8
Pver_g4767.t1	sp|E9Q3T6|PRD14_MOUSE	37.931	116	70	1	130	245	256	369	9.08e-25	104
Pver_g4768.t2	sp|E9Q3T6|PRD14_MOUSE	28.324	346	210	8	118	456	244	558	2.34e-35	135
Pver_g4769.t2	sp|E9Q3T6|PRD14_MOUSE	38.462	130	75	2	607	733	242	369	5.97e-24	104
Pver_g4770.t1	sp|E9Q3T6|PRD14_MOUSE	41.379	116	66	1	135	250	256	369	9.46e-27	110
Pver_g4771.t1	sp|E9Q3T6|PRD14_MOUSE	30.205	341	193	9	87	424	229	527	1.29e-41	152
Pver_g4777.t1	sp|Q9NVW2|RNF12_HUMAN	34.568	81	51	1	172	252	536	614	1.34e-11	61.2
Pver_g4778.t1	sp|Q9SXY0|FAS1_ARATH	24.283	593	319	21	184	707	238	769	3.12e-14	73.6
Pver_g4780.t1	sp|Q9ASP6|HNRPQ_ARATH	35.897	78	48	2	28	104	116	192	6.26e-08	47.8
Pver_g4785.t1	sp|Q8RWR1|JMJ30_ARATH	27.468	233	140	10	50	262	199	422	1.08e-15	75.1
Pver_g4790.t1	sp|P10922|H10_MOUSE	54.795	73	33	0	17	89	25	97	5.88e-20	84.0
Pver_g4797.t2	sp|P61978|HNRPK_HUMAN	37.597	258	123	7	48	274	21	271	8.48e-40	144
Pver_g4802.t1	sp|P18265|GSK3A_RAT	33.731	335	175	14	8	310	119	438	2.76e-49	169
Pver_g4803.t1	sp|P13648|LMNA_CHICK	36.329	523	316	4	21	529	21	540	5.05e-99	311
Pver_g4805.t1	sp|Q9V3I5|JIL1_DROME	32.593	135	77	5	142	270	391	517	9.85e-09	54.3
Pver_g4807.t1	sp|Q62318|TIF1B_MOUSE	20.759	395	260	13	25	388	78	450	1.48e-14	73.9
Pver_g4809.t1	sp|A0A2H5Q1B8|TONSL_CITUN	23.301	206	138	3	290	475	70	275	3.17e-10	59.3
Pver_g4818.t1	sp|Q09908|PHF2_SCHPO	39.655	58	34	1	183	240	235	291	2.92e-11	61.2
Pver_g4822.t2	sp|P40340|ATAD2_YEAST	39.834	241	136	3	173	407	412	649	1.83e-53	189
Pver_g4827.t1	sp|P30771|RENT1_YEAST	32.900	462	254	14	200	643	409	832	1.48e-51	193
Pver_g4828.t1	sp|Q6DE87|CHK1_XENLA	29.818	275	171	7	38	301	15	278	7.04e-31	123
Pver_g4838.t1	sp|Q67XX3|JMJ22_ARATH	38.431	255	137	9	43	294	191	428	9.73e-50	172
Pver_g4839.t1	sp|Q96PK6|RBM14_HUMAN	25.989	177	93	5	13	188	2	141	4.97e-12	64.3
Pver_g4845.t1	sp|Q9H9B1|EHMT1_HUMAN	27.778	180	126	3	553	732	806	981	2.04e-12	67.8
Pver_g4851.t1	sp|P14682|UBC3_YEAST	25.806	124	74	4	36	143	44	165	1.48e-09	54.3
Pver_g4859.t1	sp|Q94K49|ALP1_ARATH	26.129	310	189	8	272	549	50	351	8.58e-21	91.7
Pver_g4861.t2	sp|Q94K49|ALP1_ARATH	25.987	304	183	8	33	307	50	340	1.41e-18	85.5
Pver_g4871.t1.1.5de5c9d4	sp|Q09738|UBP8_SCHPO	26.172	256	119	8	272	505	143	350	1.95e-14	73.6
Pver_g4903.t1	sp|P49840|GSK3A_HUMAN	35.473	296	169	10	4	288	119	403	4.69e-51	181
Pver_g4912.t1	sp|Q96T88|UHRF1_HUMAN	51.064	188	67	5	121	290	416	596	3.71e-48	168
Pver_g4914.t1	sp|Q54KL5|WDR5_DICDI	22.517	302	192	10	248	532	56	332	1.88e-13	69.3
Pver_g4930.t1	sp|B2GUX4|UBP21_RAT	38.983	118	66	3	256	371	210	323	1.91e-21	94.0
Pver_g4938.t1	sp|P14373|TRI27_HUMAN	24.898	245	155	9	8	236	10	241	1.51e-11	65.1
Pver_g4977.t2	sp|Q9ASP6|HNRPQ_ARATH	36.364	121	56	4	970	1073	60	176	1.66e-09	58.5
Pver_g4979.t2	sp|Q8IYW5|RN168_HUMAN	29.545	88	58	2	1327	1410	11	98	7.47e-07	50.4
Pver_g4988.t1	sp|A0A2H5Q1B8|TONSL_CITUN	24.296	284	201	4	55	324	168	451	2.01e-17	82.4
Pver_g5013.t1	sp|Q9VXE6|NU153_DROME	27.353	563	314	18	349	861	604	1121	8.32e-43	168
Pver_g5023.t1	sp|Q9V9N4|CLAMP_DROME	45.122	164	87	2	114	275	360	522	3.24e-43	162
Pver_g5028.t1	sp|Q8N3Y7|RDHE2_HUMAN	29.530	149	102	2	31	177	36	183	7.96e-09	52.8
Pver_g5041.t1	sp|Q9H9B1|EHMT1_HUMAN	35.659	129	77	2	48	172	742	868	3.65e-15	77.0
Pver_g5052.t1	sp|A0A2H5Q1B8|TONSL_CITUN	22.979	470	327	11	737	1173	20	487	1.59e-19	92.4
Pver_g5058.t1	sp|O70239|AXIN1_RAT	41.250	80	43	2	662	739	747	824	7.50e-09	55.8
Pver_g5061.t1	sp|Q9V9N4|CLAMP_DROME	43.624	149	81	1	268	416	352	497	8.26e-35	132
Pver_g5064.t1	sp|Q8AYC9|CHK1_CHICK	55.085	472	198	4	2	467	3	466	0.0	524
Pver_g5068.t1	sp|A0A2H5Q1B8|TONSL_CITUN	22.176	478	335	8	112	558	7	478	1.26e-20	96.3
Pver_g5069.t1	sp|A0A2H5Q1B8|TONSL_CITUN	23.798	416	286	8	1689	2073	20	435	9.20e-21	98.2
Pver_g5076.t2	sp|O14757|CHK1_HUMAN	27.320	194	112	9	508	691	39	213	2.43e-07	51.2
Pver_g5077.t2	sp|O14757|CHK1_HUMAN	25.532	188	118	5	179	357	39	213	3.65e-09	54.7
Pver_g5079.t2	sp|A0A2H5Q1B8|TONSL_CITUN	22.574	474	336	6	1103	1545	1	474	4.62e-25	110
Pver_g5081.t1	sp|O02073|TBX18_CAEEL	25.116	215	132	6	77	268	163	371	2.22e-13	67.8
Pver_g5089.t1.1.5de5c9d9	sp|A0A2H5Q1B8|TONSL_CITUN	23.377	308	185	7	45	351	208	465	5.68e-12	65.5
Pver_g5096.t1	sp|Q6DE87|CHK1_XENLA	24.519	208	148	7	516	720	11	212	2.52e-08	53.9
Pver_g5105.t2	sp|P67779|PHB1_RAT	52.140	257	122	1	24	279	11	267	4.19e-92	271
Pver_g5106.t1	sp|P41182|BCL6_HUMAN	31.897	116	75	3	24	138	14	126	7.06e-09	55.1
Pver_g5107.t1	sp|Q67XX3|JMJ22_ARATH	30.078	256	164	7	172	423	193	437	2.74e-32	125
Pver_g5125.t2	sp|Q8AYC9|CHK1_CHICK	26.794	209	115	7	2272	2456	9	203	4.67e-16	80.9
Pver_g5126.t1	sp|Q8AYC9|CHK1_CHICK	25.792	221	126	7	248	444	9	215	1.38e-15	75.5
Pver_g5140.t1	sp|P19339|SXL_DROME	25.628	199	135	5	114	309	113	301	3.73e-11	62.0
Pver_g5142.t1	sp|O23255|SAHH1_ARATH	56.237	473	161	5	8	434	13	485	2.25e-177	501
Pver_g5146.t1	sp|Q9QZ67|PPM1D_MOUSE	26.728	217	108	9	310	504	162	349	4.42e-10	58.9
Pver_g5147.t1	sp|Q91ZN7|CHK1_RAT	30.855	269	174	5	3	268	5	264	4.74e-31	118
Pver_g5148.t1	sp|Q6DE87|CHK1_XENLA	34.058	276	160	11	3	269	5	267	1.74e-35	133
Pver_g5154.t1	sp|P18266|GSK3B_RAT	25.566	309	163	11	10	281	62	340	1.49e-16	80.5
Pver_g5162.t1	sp|P32499|NUP2_YEAST	29.915	117	75	5	29	143	597	708	2.53e-06	44.7
Pver_g5171.t1	sp|O95661|DIRA3_HUMAN	25.478	157	108	2	34	190	50	197	3.11e-12	60.5
Pver_g5173.t1	sp|Q91ZN7|CHK1_RAT	31.179	263	172	5	62	319	6	264	1.64e-40	150
Pver_g5180.t1	sp|Q7KRI2|LOLAL_DROME	25.301	83	60	1	15	97	13	93	8.71e-06	43.5
Pver_g5181.t1	sp|Q08605|GAGA_DROME	23.256	215	155	4	24	238	15	219	7.39e-08	52.0
Pver_g5184.t1	sp|Q5DW34|EHMT1_MOUSE	45.055	91	47	3	83	172	808	896	4.35e-10	59.3
Pver_g5185.t1	sp|Q9H9B1|EHMT1_HUMAN	27.184	206	146	3	314	518	777	979	1.03e-17	84.0
Pver_g5187.t1	sp|Q96KQ7|EHMT2_HUMAN	30.328	122	83	2	502	622	691	811	1.54e-09	60.1
Pver_g5191.t1	sp|Q54KL5|WDR5_DICDI	29.082	196	115	8	1598	1792	49	221	1.21e-12	68.2
Pver_g5194.t1	sp|Q91ZN7|CHK1_RAT	28.019	207	120	9	475	664	13	207	7.54e-08	52.0
Pver_g5195.t1	sp|Q91ZN7|CHK1_RAT	26.214	206	127	9	265	455	15	210	1.40e-06	47.4
Pver_g5199.t1	sp|Q9WV60|GSK3B_MOUSE	29.302	215	116	12	97	290	59	258	7.36e-10	56.6
Pver_g5211.t2	sp|Q91ZN7|CHK1_RAT	37.615	109	66	2	888	994	90	198	3.49e-12	66.6
Pver_g5215.t1	sp|Q58EK5|TDRD1_DANRE	38.462	78	46	1	589	666	454	529	4.01e-09	57.8
Pver_g5221.t1	sp|Q6DE87|CHK1_XENLA	32.039	206	122	8	198	390	8	208	1.01e-17	82.0
Pver_g5232.t1	sp|Q96KQ7|EHMT2_HUMAN	26.020	196	102	6	4	166	689	874	1.64e-13	69.7
Pver_g5237.t1	sp|O59797|YCO6_SCHPO	24.887	221	104	7	28	192	76	290	4.11e-13	66.6
Pver_g5246.t1	sp|A7EIX7|SUB2_SCLS1	33.705	359	206	5	32	385	61	392	3.33e-67	217
Pver_g5248.t1	sp|O08629|TIF1B_RAT	26.667	330	200	14	7	326	67	364	2.62e-14	74.3
Pver_g5249.t1	sp|O08629|TIF1B_RAT	18.125	480	313	12	7	468	67	484	1.97e-06	47.8
Pver_g5252.t1	sp|Q14669|TRIPC_HUMAN	29.371	286	169	7	755	1007	1696	1981	1.50e-23	104
Pver_g5254.t2	sp|Q5AEE1|H2AZ_CANAL	36.842	57	36	0	117	173	50	106	2.86e-07	47.8
Pver_g5265.t1	sp|P10989|ACT_SCHPO	48.000	375	180	4	48	422	7	366	3.78e-130	377
Pver_g5266.t1	sp|O43017|SWD3_SCHPO	26.984	126	87	1	191	316	31	151	9.21e-09	53.9
Pver_g5271.t1	sp|Q5DW34|EHMT1_MOUSE	28.205	156	110	2	440	594	823	977	6.63e-10	58.9
Pver_g5272.t1	sp|Q5DW34|EHMT1_MOUSE	24.528	159	117	2	574	729	740	898	7.79e-09	55.8
Pver_g5282.t1	sp|Q9US06|PAF1_SCHPO	24.595	370	227	14	18	354	5	355	2.67e-15	74.3
Pver_g5291.t1	sp|Q9WTV7|RNF12_MOUSE	44.681	47	24	1	289	333	545	591	3.40e-08	53.1
Pver_g5293.t1.1.5de5c9e0	sp|Q9H7Z3|NRDE2_HUMAN	35.019	1068	586	26	156	1180	150	1152	0.0	570
Pver_g5307.t1	sp|Q62018|CTR9_MOUSE	33.043	115	63	4	100	209	455	560	1.56e-06	47.0
Pver_g5308.t1	sp|Q9H160|ING2_HUMAN	57.500	40	17	0	293	332	213	252	2.33e-12	63.5
Pver_g5312.t1	sp|Q9V9N4|CLAMP_DROME	42.353	170	95	1	512	681	358	524	1.74e-41	157
Pver_g5315.t1	sp|Q9NDJ2|DOM_DROME	24.876	201	119	8	38	208	651	849	5.21e-08	50.4
Pver_g5337.t1	sp|Q498M4|WDR5_RAT	28.614	332	200	13	4	332	34	331	6.82e-29	110
Pver_g5342.t1	sp|Q9Z0S2|LHX2_MOUSE	34.286	70	41	1	85	149	263	332	1.21e-06	44.7
Pver_g5348.t1	sp|Q8AYC9|CHK1_CHICK	34.211	114	70	4	27	136	100	212	6.87e-14	70.9
Pver_g5361.t1	sp|Q9V3I5|JIL1_DROME	26.190	294	171	16	84	352	230	502	6.67e-21	91.3
Pver_g5364.t1	sp|Q5DW34|EHMT1_MOUSE	33.679	193	118	4	61	251	775	959	5.92e-19	89.7
Pver_g5365.t1	sp|Q5DW34|EHMT1_MOUSE	32.308	195	122	4	149	341	773	959	4.41e-19	89.4
Pver_g5366.t2	sp|Q96KQ7|EHMT2_HUMAN	35.714	154	95	2	94	243	654	807	2.47e-19	92.4
Pver_g5367.t2	sp|Q2NL51|GSK3A_MOUSE	27.320	194	114	9	910	1089	141	321	7.14e-08	53.1
Pver_g5369.t1	sp|Q62671|UBR5_RAT	25.000	232	158	6	1921	2138	2513	2742	1.45e-14	77.0
Pver_g5378.t2	sp|P40340|ATAD2_YEAST	40.000	270	146	6	266	522	410	676	6.48e-45	173
Pver_g5384.t1	sp|Q8R418|DICER_MOUSE	28.310	1420	862	43	17	1356	47	1390	3.60e-130	447
Pver_g5385.t1	sp|Q7KRI2|LOLAL_DROME	36.667	90	52	2	41	130	34	118	1.58e-08	50.4
Pver_g5386.t2	sp|P34618|CEC1_CAEEL	47.692	65	34	0	761	825	8	72	8.52e-15	73.2
Pver_g5395.t1	sp|Q8R151|ZNFX1_MOUSE	29.126	309	181	9	3063	3351	940	1230	5.16e-23	105
Pver_g5397.t1	sp|A0A2H5Q1B8|TONSL_CITUN	22.034	413	284	11	90	468	27	435	6.68e-16	80.1
Pver_g5398.t2	sp|A0A2H5Q1B8|TONSL_CITUN	22.294	462	324	12	204	633	20	478	5.33e-16	79.3
Pver_g5399.t1	sp|A0A2H5Q1B8|TONSL_CITUN	24.850	334	228	7	108	418	132	465	2.05e-16	81.6
Pver_g5416.t1	sp|Q8AYC9|CHK1_CHICK	25.217	230	147	7	13	237	51	260	8.14e-12	61.6
Pver_g5420.t1	sp|Q9WV60|GSK3B_MOUSE	27.692	195	119	8	37	228	79	254	3.04e-10	57.4
Pver_g5432.t1	sp|Q24368|ISWI_DROME	39.073	302	126	7	104	387	413	674	1.20e-52	189
Pver_g5435.t1	sp|Q54KL5|WDR5_DICDI	27.570	214	146	3	56	269	38	242	7.77e-22	90.9
Pver_g5436.t1	sp|Q9WV60|GSK3B_MOUSE	34.219	301	173	7	41	332	60	344	9.21e-44	155
Pver_g5465.t1	sp|Q63803|GNAS1_RAT	23.932	117	75	3	48	151	947	1062	5.00e-06	43.1
Pver_g5470.t1	sp|Q5DW34|EHMT1_MOUSE	34.538	249	156	4	261	508	740	982	2.59e-29	123
Pver_g5475.t1	sp|Q7KRI2|LOLAL_DROME	31.183	93	61	2	82	174	27	116	5.47e-09	51.6
Pver_g5480.t2	sp|Q9V3I5|JIL1_DROME	36.599	347	202	9	986	1324	256	592	4.75e-62	229
Pver_g5483.t1	sp|Q9ASP6|HNRPQ_ARATH	24.607	191	123	7	114	290	117	300	1.63e-12	65.1
Pver_g5500.t1	sp|Q61CX7|LIN28_CAEBR	35.043	117	67	4	26	137	55	167	2.39e-14	68.2
Pver_g5510.t1	sp|A0A2H5Q1B8|TONSL_CITUN	24.034	233	126	5	205	386	203	435	4.52e-09	57.8
Pver_g5524.t2	sp|Q13263|TIF1B_HUMAN	22.794	272	179	8	1122	1379	77	331	3.85e-14	74.7
Pver_g5525.t1	sp|Q62318|TIF1B_MOUSE	21.374	393	260	12	754	1117	78	450	7.41e-16	79.7
Pver_g5526.t1	sp|Q13263|TIF1B_HUMAN	23.723	274	174	9	1110	1367	77	331	8.64e-15	76.6
Pver_g5529.t1	sp|O43017|SWD3_SCHPO	33.094	139	79	6	84	218	52	180	2.53e-11	64.3
Pver_g5540.t1	sp|B2GUX4|UBP21_RAT	34.247	365	213	8	921	1265	208	565	5.66e-64	225
Pver_g5542.t1	sp|Q7TQA3|RDHE2_MOUSE	24.206	252	130	6	22	265	34	232	4.33e-12	63.2
Pver_g5549.t1	sp|P24785|MLE_DROME	29.188	579	347	11	53	575	381	952	5.90e-65	230
Pver_g5551.t1	sp|Q08605|GAGA_DROME	39.785	93	54	1	23	115	27	117	8.64e-12	64.3
Pver_g5619.t1	sp|P52891|NUP84_YEAST	20.329	487	337	16	305	772	104	558	3.10e-09	57.4
Pver_g5628.t1	sp|A0A2H5Q1B8|TONSL_CITUN	23.543	429	293	12	445	848	22	440	8.04e-19	89.4
Pver_g5629.t1	sp|A0A2H5Q1B8|TONSL_CITUN	25.461	271	188	6	322	578	168	438	1.99e-12	68.6
Pver_g5630.t1	sp|A0A2H5Q1B8|TONSL_CITUN	21.981	414	292	6	172	554	22	435	4.32e-19	90.9
Pver_g5639.t1	sp|O93327|H2AY_CHICK	25.294	170	122	4	259	425	196	363	6.57e-09	55.5
Pver_g5653.t1	sp|Q9UK61|TASOR_HUMAN	30.844	308	169	12	66	350	89	375	3.09e-25	111
Pver_g5660.t1	sp|P50874|ORC5_YEAST	22.691	498	291	19	20	451	7	476	5.61e-11	60.8
Pver_g5671.t1	sp|Q5DW34|EHMT1_MOUSE	30.962	239	162	3	627	862	740	978	1.21e-25	111
Pver_g5673.t2	sp|Q02061|RPB2_SCHPO	29.835	848	367	19	238	872	147	979	2.49e-95	335
Pver_g5677.t1	sp|Q9H9B1|EHMT1_HUMAN	25.385	260	155	4	487	744	775	997	1.14e-15	79.0
Pver_g5678.t1	sp|Q96KQ7|EHMT2_HUMAN	36.585	123	72	4	6	126	722	840	2.07e-08	49.3
Pver_g5680.t1	sp|Q91372|DDX4_XENLA	39.456	441	248	9	248	676	228	661	6.41e-91	296
Pver_g5706.t1	sp|Q20296|HDA6_CAEEL	30.612	98	63	2	279	371	853	950	2.84e-09	56.6
Pver_g5716.t1	sp|P41182|BCL6_HUMAN	29.897	97	66	2	32	127	31	126	9.85e-10	58.2
Pver_g5718.t2	sp|Q5DW34|EHMT1_MOUSE	34.752	141	91	1	7	147	844	983	1.64e-18	87.0
Pver_g5725.t1	sp|P53874|UBP10_YEAST	25.562	356	181	11	438	766	363	661	3.55e-13	70.5
Pver_g5726.t1	sp|Q5DW34|EHMT1_MOUSE	31.222	221	149	2	781	1000	760	978	1.71e-23	104
Pver_g5728.t1	sp|P16104|H2AX_HUMAN	80.556	144	17	3	207	340	1	143	3.43e-74	223
Pver_g5743.t1	sp|Q6DE87|CHK1_XENLA	23.864	264	146	8	1279	1541	7	216	9.73e-07	50.1
Pver_g5747.t1	sp|P18265|GSK3A_RAT	29.730	222	122	6	13	205	118	334	3.70e-26	102
Pver_g5748.t1	sp|Q9JIA7|SPHK2_MOUSE	30.667	225	133	3	124	338	142	353	3.66e-25	107
Pver_g5777.t1	sp|Q00684|CDC14_YEAST	32.727	110	71	2	25	133	222	329	7.83e-11	55.8
Pver_g5782.t1	sp|B4F6W9|TRIPC_XENTR	27.832	309	175	9	764	1048	1761	2045	2.05e-18	88.2
Pver_g5783.t1	sp|A2A5N8|LMBL1_MOUSE	34.528	837	415	21	239	1065	102	815	7.67e-135	425
Pver_g5785.t1	sp|Q9V3I5|JIL1_DROME	42.381	210	113	5	82	283	254	463	1.26e-47	167
Pver_g5792.t2	sp|Q84W92|ANM13_ARATH	51.676	358	162	3	245	591	133	490	1.64e-126	384
Pver_g5804.t1	sp|Q9V3I5|JIL1_DROME	35.514	107	61	3	311	409	424	530	9.00e-09	54.3
Pver_g5816.t1	sp|A0A2H5Q1B8|TONSL_CITUN	24.096	415	282	9	160	542	22	435	6.98e-20	94.4
Pver_g5819.t1	sp|Q4R834|SIR2_MACFA	57.423	357	133	6	14	367	26	366	6.99e-142	406
Pver_g5833.t2	sp|P29496|MCM5_YEAST	45.769	780	360	14	917	1642	2	772	0.0	644
Pver_g5845.t1	sp|P41182|BCL6_HUMAN	28.571	84	49	1	120	192	570	653	1.21e-08	50.8
Pver_g5857.t1	sp|Q8AYC9|CHK1_CHICK	31.373	204	126	7	248	443	11	208	1.84e-18	84.7
Pver_g5864.t1	sp|O15297|PPM1D_HUMAN	29.091	165	80	5	320	451	171	331	2.85e-09	56.2
Pver_g5865.t1	sp|Q92754|AP2C_HUMAN	65.196	204	67	3	293	493	218	420	8.70e-79	251
Pver_g5869.t1	sp|Q8AYC9|CHK1_CHICK	26.866	201	139	5	250	445	11	208	1.23e-13	69.7
Pver_g5870.t1	sp|Q91ZN7|CHK1_RAT	29.952	207	132	7	249	447	7	208	6.78e-15	73.6
Pver_g5871.t1	sp|P41182|BCL6_HUMAN	33.333	114	74	2	21	133	14	126	2.00e-12	66.6
Pver_g5891.t1	sp|P11029|ACAC_CHICK	21.053	304	211	8	443	729	184	475	5.13e-09	58.5
Pver_g5898.t1	sp|Q9V9N4|CLAMP_DROME	32.704	159	95	5	190	338	362	518	4.06e-17	80.9
Pver_g5918.t1	sp|Q9Y232|CDYL_HUMAN	26.549	113	81	1	1	111	459	571	1.19e-06	48.1
Pver_g5921.t1	sp|Q26263|DPN_DROME	37.870	169	83	7	17	178	38	191	9.48e-28	106
Pver_g5925.t1	sp|Q26263|DPN_DROME	44.248	113	59	3	19	128	38	149	4.35e-25	98.6
Pver_g5926.t1	sp|Q26263|DPN_DROME	51.282	117	53	2	16	131	36	149	6.36e-33	121
Pver_g5927.t1	sp|Q26263|DPN_DROME	33.803	71	43	1	5	71	35	105	2.07e-06	43.9
Pver_g5928.t1	sp|Q26263|DPN_DROME	37.126	167	89	5	17	173	38	198	3.27e-28	107
Pver_g5929.t1	sp|Q26263|DPN_DROME	50.000	76	37	1	13	88	34	108	1.60e-16	73.9
Pver_g5931.t1.1.5de5c9f0	sp|Q7XA66|ZOP1_ARATH	32.000	75	46	2	547	617	61	134	4.32e-06	45.8
Pver_g5932.t1	sp|Q9UIS9|MBD1_HUMAN	47.368	76	36	1	144	215	303	378	2.72e-13	68.9
Pver_g5936.t1	sp|A0A2H5Q1B8|TONSL_CITUN	27.964	329	207	12	51	365	840	1152	5.87e-08	52.0
Pver_g5940.t1	sp|Q498M4|WDR5_RAT	21.905	210	154	6	334	540	46	248	3.33e-10	59.7
Pver_g5945.t1	sp|Q498M4|WDR5_RAT	21.905	210	154	6	216	422	46	248	1.07e-10	59.7
Pver_g5957.t1	sp|Q9V3I5|JIL1_DROME	32.536	209	124	7	11357	11552	267	471	1.55e-24	112
Pver_g5958.t1	sp|Q6DE87|CHK1_XENLA	25.267	281	190	9	12	283	9	278	3.40e-19	84.7
Pver_g5960.t1	sp|P52493|UBC2_NEUCR	40.123	162	83	2	1	162	1	148	4.65e-41	132
Pver_g5973.t1	sp|P11352|GPX1_MOUSE	46.358	151	69	4	3	149	54	196	5.80e-37	123
Pver_g5983.t2	sp|Q9WTU0|PHF2_MOUSE	28.947	114	71	6	119	226	6	115	3.69e-06	46.2
Pver_g5992.t1	sp|Q54KL5|WDR5_DICDI	26.908	249	144	5	40	286	45	257	6.78e-24	100
Pver_g6001.t1	sp|O13799|YE02_SCHPO	48.298	470	232	3	326	795	119	577	3.88e-140	450
Pver_g6016.t1	sp|Q6P5D8|SMHD1_MOUSE	22.657	1814	1076	85	2	1664	322	1959	2.10e-53	203
Pver_g6031.t1	sp|P04041|GPX1_RAT	42.453	106	57	1	1	102	91	196	2.56e-25	91.3
Pver_g6035.t2	sp|Q3U1J4|DDB1_MOUSE	23.308	399	225	14	207	599	12	335	5.66e-17	83.6
Pver_g6037.t1	sp|Q60848|HELLS_MOUSE	48.292	849	372	15	17	840	3	809	0.0	727
Pver_g6038.t1	sp|Q9V3I5|JIL1_DROME	27.652	264	171	8	21	270	256	513	3.21e-23	101
Pver_g6039.t1	sp|Q6DE87|CHK1_XENLA	31.439	264	174	4	59	320	9	267	6.91e-40	142
Pver_g6042.t1	sp|A0A250YGJ5|SIR6_CASCN	61.151	278	106	1	1	276	1	278	1.44e-129	371
Pver_g6043.t1	sp|P19339|SXL_DROME	22.917	144	107	2	86	226	127	269	9.15e-09	54.3
Pver_g6044.t1	sp|A0A2H5Q1B8|TONSL_CITUN	24.548	387	255	7	796	1148	68	451	9.60e-22	99.8
Pver_g6045.t1	sp|A0A2H5Q1B8|TONSL_CITUN	21.939	392	264	6	713	1075	73	451	3.43e-16	81.6
Pver_g6057.t1	sp|Q9R190|MTA2_MOUSE	31.068	412	248	15	65	453	6	404	2.30e-44	168
Pver_g6064.t1	sp|Q06156|CND1_YEAST	31.564	716	409	15	620	1302	499	1166	2.66e-103	355
Pver_g6072.t1	sp|Q54KL5|WDR5_DICDI	27.526	287	200	6	122	402	48	332	1.29e-26	108
Pver_g6073.t1	sp|O97159|CHDM_DROME	54.657	1299	530	22	353	1628	375	1637	0.0	1376
Pver_g6078.t1	sp|Q9Z0S2|LHX2_MOUSE	30.275	109	69	3	136	242	48	151	6.29e-07	47.0
Pver_g6098.t1	sp|Q62318|TIF1B_MOUSE	25.263	285	164	12	20	288	60	311	2.10e-11	62.8
Pver_g6103.t1	sp|O94316|SN114_SCHPO	25.121	414	254	8	18	427	140	501	3.69e-38	151
Pver_g6112.t1	sp|O95661|DIRA3_HUMAN	29.412	153	98	3	18	166	50	196	8.28e-13	62.4
Pver_g6120.t1	sp|P18266|GSK3B_RAT	33.016	315	181	9	13	319	55	347	1.43e-50	174
Pver_g6121.t1	sp|Q3TNH5|ARB2A_MOUSE	47.042	355	133	5	28	331	56	406	3.64e-106	320
Pver_g6124.t1	sp|A0A2H5Q1B8|TONSL_CITUN	24.235	425	280	9	55	437	20	444	1.38e-18	88.6
Pver_g6130.t1	sp|A0A2H5Q1B8|TONSL_CITUN	24.938	401	263	8	183	561	67	451	7.14e-25	108
Pver_g6145.t1	sp|Q2KIG2|WDR5_BOVIN	27.208	283	194	7	281	560	40	313	5.38e-31	120
Pver_g6154.t1	sp|Q9NVM4|ANM7_HUMAN	30.986	284	147	10	138	404	38	289	1.75e-24	105
Pver_g6159.t1	sp|Q5DW34|EHMT1_MOUSE	29.918	244	165	4	292	532	740	980	1.19e-21	98.6
Pver_g6160.t1	sp|Q5DW34|EHMT1_MOUSE	29.583	240	156	3	89	324	769	999	4.39e-19	90.1
Pver_g6161.t1	sp|Q96KQ7|EHMT2_HUMAN	28.936	235	163	3	331	563	654	886	1.27e-20	95.1
Pver_g6163.t1	sp|P63159|HMGB1_RAT	36.765	68	43	0	8	75	96	163	7.29e-07	46.6
Pver_g6164.t1	sp|Q5DW34|EHMT1_MOUSE	32.365	241	151	7	283	520	747	978	2.87e-17	84.3
Pver_g6166.t1	sp|Q9Z148|EHMT2_MOUSE	31.818	88	59	1	11	98	789	875	4.49e-07	49.7
Pver_g6167.t2	sp|Q9H9B1|EHMT1_HUMAN	28.395	243	167	3	311	551	742	979	1.99e-20	93.2
Pver_g6168.t1	sp|Q96KQ7|EHMT2_HUMAN	33.778	225	138	5	420	642	623	838	6.64e-20	92.4
Pver_g6169.t1	sp|Q5DW34|EHMT1_MOUSE	33.488	215	140	3	258	471	771	983	2.85e-23	103
Pver_g6170.t1	sp|Q9H9B1|EHMT1_HUMAN	33.068	251	160	6	257	503	738	984	4.59e-22	99.8
Pver_g6171.t1	sp|Q9H9B1|EHMT1_HUMAN	31.193	218	127	2	202	418	775	970	2.65e-20	94.0
Pver_g6172.t1	sp|O74842|FFT2_SCHPO	42.069	725	343	15	216	872	375	1090	8.91e-169	521
Pver_g6181.t1	sp|Q5DW34|EHMT1_MOUSE	32.377	244	162	2	237	477	740	983	2.54e-30	127
Pver_g6191.t1	sp|Q9UK80|UBP21_HUMAN	29.752	121	73	2	160	279	209	318	3.66e-10	60.5
Pver_g6195.t1	sp|P40075|SCS2_YEAST	38.554	83	49	1	18	98	11	93	6.53e-12	60.8
Pver_g6203.t1	sp|Q62504|MINT_MOUSE	29.487	78	50	2	9	85	438	511	7.66e-08	50.1
Pver_g6204.t2	sp|Q24117|DYL1_DROME	91.011	89	8	0	163	251	1	89	5.18e-59	179
Pver_g6206.t2	sp|Q96KQ7|EHMT2_HUMAN	29.148	223	137	6	151	372	687	889	1.12e-09	58.9
Pver_g6210.t1	sp|Q9QZL6|UBP21_MOUSE	24.884	430	211	17	40	442	213	557	9.97e-15	72.8
Pver_g6223.t1	sp|Q8AYC9|CHK1_CHICK	29.167	216	133	8	556	759	1	208	3.14e-12	67.0
Pver_g6224.t1	sp|Q8AYC9|CHK1_CHICK	28.571	168	110	5	623	789	62	220	1.16e-10	62.0
Pver_g6230.t2	sp|Q5DW34|EHMT1_MOUSE	35.659	129	73	2	144	270	773	893	2.84e-17	84.3
Pver_g6233.t1	sp|Q6P5D8|SMHD1_MOUSE	27.823	611	303	24	1	516	64	631	1.61e-49	181
Pver_g6236.t1	sp|Q9SFD8|NFYB9_ARATH	58.824	102	42	0	161	262	56	157	1.26e-40	139
Pver_g6239.t1	sp|A0A2H5Q1B8|TONSL_CITUN	22.436	468	326	8	653	1086	1	465	2.26e-24	109
Pver_g6242.t2	sp|Q6DE87|CHK1_XENLA	24.681	235	137	10	777	1007	11	209	3.83e-09	57.4
Pver_g6244.t1	sp|Q6DE87|CHK1_XENLA	25.112	223	128	9	752	970	11	198	4.94e-10	59.7
Pver_g6262.t1	sp|Q8JIR0|BMI1A_DANRE	44.635	233	112	4	5	227	6	231	7.97e-60	191
Pver_g6263.t1	sp|Q5R8L2|BMI1_PONAB	40.404	198	105	2	5	200	7	193	1.60e-49	163
Pver_g6264.t1	sp|Q7T3E6|BMI1B_DANRE	38.750	240	107	6	5	205	7	245	2.60e-49	163
Pver_g6266.t1	sp|P25916|BMI1_MOUSE	44.390	205	105	2	6	201	7	211	1.20e-61	201
Pver_g6275.t1	sp|P01106|MYC_HUMAN	33.696	92	56	2	1040	1131	356	442	3.49e-07	50.8
Pver_g6276.t1	sp|Q96KQ7|EHMT2_HUMAN	31.973	147	98	2	163	308	694	839	1.39e-10	62.0
Pver_g6280.t1	sp|Q2KIG2|WDR5_BOVIN	22.742	299	190	12	13	305	18	281	8.34e-12	62.4
Pver_g6283.t2	sp|Q24338|ESC_DROME	36.709	79	44	3	15	90	168	243	4.79e-06	46.2
Pver_g6286.t1	sp|O95661|DIRA3_HUMAN	26.061	165	112	4	22	182	50	208	2.66e-09	52.0
Pver_g6289.t1	sp|Q803C1|RNF8_DANRE	34.653	101	60	4	305	401	362	460	1.27e-07	51.2
Pver_g6290.t1	sp|B2RYR0|RN168_RAT	35.366	82	48	2	354	430	6	87	5.11e-09	55.8
Pver_g6329.t1	sp|P30771|RENT1_YEAST	30.293	614	325	19	2897	3496	311	835	6.69e-61	226
Pver_g6330.t1	sp|P30771|RENT1_YEAST	28.289	760	379	26	2838	3583	229	836	4.09e-57	215
Pver_g6336.t1	sp|Q498M4|WDR5_RAT	25.833	360	227	16	129	482	8	333	2.81e-21	91.7
Pver_g6339.t1	sp|Q9WV60|GSK3B_MOUSE	29.600	250	147	11	60	298	47	278	6.52e-17	78.2
Pver_g6342.t1	sp|Q498M4|WDR5_RAT	38.235	68	42	0	128	195	93	160	9.29e-11	58.9
Pver_g6344.t1	sp|Q9QXV1|CBX8_MOUSE	67.925	53	17	0	46	98	10	62	3.79e-20	88.6
Pver_g6353.t1	sp|P0CS17|UBC2_CRYNB	28.743	167	84	4	22	160	7	166	2.93e-18	74.7
Pver_g6354.t1.1.5de5c9fb	sp|Q9Y468|LMBL1_HUMAN	35.230	369	216	12	202	556	236	595	2.06e-58	215
Pver_g6366.t1	sp|Q10362|SET3_SCHPO	27.812	320	188	10	85	374	5	311	4.73e-27	115
Pver_g6369.t1	sp|P52926|HMGA2_HUMAN	58.824	68	21	2	37	100	20	84	3.67e-13	59.3
Pver_g6396.t1	sp|A7EIX7|SUB2_SCLS1	35.411	401	243	5	15	410	49	438	1.12e-78	260
Pver_g6397.t1	sp|O95661|DIRA3_HUMAN	29.139	151	99	5	1554	1700	46	192	1.03e-06	48.5
Pver_g6403.t1	sp|Q8AYC9|CHK1_CHICK	29.697	165	97	5	260	424	52	197	8.86e-10	57.0
Pver_g6404.t1	sp|Q8AYC9|CHK1_CHICK	48.780	41	21	0	41	81	110	150	4.98e-07	45.8
Pver_g6414.t1	sp|Q5DW34|EHMT1_MOUSE	32.308	195	122	3	53	245	773	959	3.09e-19	90.9
Pver_g6417.t2	sp|Q5DW34|EHMT1_MOUSE	35.021	237	137	7	563	782	746	982	1.03e-25	111
Pver_g6418.t1	sp|Q5DW34|EHMT1_MOUSE	33.333	240	141	9	618	846	740	971	2.33e-23	103
Pver_g6426.t1	sp|Q9WV60|GSK3B_MOUSE	31.159	138	57	5	43	172	164	271	1.13e-09	56.6
Pver_g6430.t1	sp|Q94K49|ALP1_ARATH	26.144	306	194	8	123	400	50	351	1.60e-20	89.7
Pver_g6442.t1	sp|Q9H9B1|EHMT1_HUMAN	24.088	274	152	6	549	804	742	977	1.87e-14	74.7
Pver_g6450.t1	sp|Q54KL5|WDR5_DICDI	25.126	199	111	5	159	350	80	247	2.30e-14	71.2
Pver_g6458.t1	sp|Q96KQ7|EHMT2_HUMAN	32.365	241	158	5	7	245	654	891	4.90e-24	99.8
Pver_g6493.t1	sp|Q9V9N4|CLAMP_DROME	42.073	164	95	0	975	1138	355	518	6.78e-40	153
Pver_g6494.t2	sp|Q06156|CND1_YEAST	31.667	120	69	3	797	904	935	1053	3.99e-06	48.1
Pver_g6496.t1	sp|Q96KQ7|EHMT2_HUMAN	34.759	187	118	4	179	363	687	871	9.10e-22	94.7
Pver_g6497.t1	sp|P41183|BCL6_MOUSE	27.004	237	146	5	252	474	31	254	4.28e-13	69.7
Pver_g6498.t1	sp|G3V8T1|MPP8_RAT	29.927	137	94	2	10	146	589	723	3.05e-12	61.2
Pver_g6499.t1	sp|P41183|BCL6_MOUSE	27.966	236	157	4	15	243	25	254	3.66e-14	72.4
Pver_g6500.t1	sp|Q9QXV1|CBX8_MOUSE	42.308	52	28	2	79	129	7	57	3.50e-06	44.3
Pver_g6505.t1	sp|Q5DW34|EHMT1_MOUSE	27.597	308	179	12	26	312	774	1058	1.30e-14	75.9
Pver_g6509.t1	sp|Q498M4|WDR5_RAT	20.280	286	186	10	44	312	48	308	3.42e-17	77.8
Pver_g6511.t2	sp|P59923|ZN445_HUMAN	26.101	613	260	16	955	1447	485	1024	5.86e-43	167
Pver_g6519.t1	sp|Q9WV60|GSK3B_MOUSE	26.923	286	144	14	560	826	12	251	1.26e-07	52.4
Pver_g6520.t1	sp|Q9UBB5|MBD2_HUMAN	45.763	59	27	1	8	66	157	210	4.97e-08	51.2
Pver_g6521.t1	sp|Q6PD62|CTR9_HUMAN	24.645	211	136	4	635	822	456	666	1.12e-07	52.4
Pver_g6548.t1	sp|Q9V3I5|JIL1_DROME	26.638	229	135	6	16	235	326	530	6.67e-20	89.4
Pver_g6549.t1	sp|Q96KQ7|EHMT2_HUMAN	30.806	211	135	3	232	441	678	878	6.21e-20	91.3
