Pver_g65.t1	sp|P50128|5HT2A_MACMU	24.036	337	202	12	6	300	67	391	3.66e-12	64.3
Pver_g89.t1	sp|Q75Z89|5HT2A_BOVIN	22.222	342	201	14	384	671	77	407	5.15e-08	53.9
Pver_g131.t1	sp|Q01167|FOXK2_HUMAN	39.378	193	94	4	26	195	159	351	3.61e-34	132
Pver_g230.t1	sp|Q04857|CO6A1_MOUSE	41.860	86	50	0	1198	1283	297	382	2.34e-11	66.2
Pver_g271.t1	sp|P18599|5HT2A_CRIGR	20.303	330	206	11	296	580	77	394	1.90e-06	48.5
Pver_g381.t1	sp|Q7ZX03|FOXK2_XENLA	34.848	198	98	7	121	298	218	404	2.00e-23	100
Pver_g409.t1	sp|P18599|5HT2A_CRIGR	22.287	341	214	10	16	321	73	397	6.88e-14	72.0
Pver_g439.t1	sp|P50128|5HT2A_MACMU	23.415	410	216	13	18	337	4	405	9.55e-20	87.4
Pver_g464.t1	sp|Q04857|CO6A1_MOUSE	28.358	134	76	4	310	431	606	731	2.67e-06	47.8
Pver_g466.t1	sp|Q8BZA9|TIGAR_MOUSE	35.019	257	152	8	239	485	10	261	3.42e-33	124
Pver_g469.t1	sp|Q5R5A8|UCP2_PONAB	23.154	298	183	7	10	296	16	278	3.06e-16	75.5
Pver_g471.t1	sp|Q75Z89|5HT2A_BOVIN	20.690	319	201	7	30	300	80	394	2.54e-12	67.4
Pver_g531.t1	sp|Q04857|CO6A1_MOUSE	46.535	101	54	0	146	246	274	374	7.82e-14	70.1
Pver_g541.t1	sp|Q91W97|HKDC1_MOUSE	44.766	449	231	7	10	450	469	908	5.87e-130	395
Pver_g542.t1	sp|O08528|HXK2_MOUSE	47.556	450	217	7	27	465	472	913	2.19e-135	410
Pver_g549.t1	sp|Q75Z89|5HT2A_BOVIN	29.474	380	213	10	33	363	83	456	1.04e-41	149
Pver_g550.t1	sp|Q75Z89|5HT2A_BOVIN	29.870	308	164	7	35	290	83	390	2.48e-30	117
Pver_g551.t1	sp|P50128|5HT2A_MACMU	28.354	328	179	8	82	355	77	402	1.64e-32	125
Pver_g553.t1	sp|P50128|5HT2A_MACMU	30.031	323	177	8	31	304	77	399	6.54e-30	117
Pver_g569.t1	sp|Q04857|CO6A1_MOUSE	42.991	107	53	2	78	176	267	373	2.29e-12	66.6
Pver_g662.t1	sp|P18599|5HT2A_CRIGR	21.429	308	196	7	39	302	86	391	1.83e-16	77.4
Pver_g663.t1	sp|P18599|5HT2A_CRIGR	23.499	383	204	12	18	323	25	395	1.74e-14	72.0
Pver_g664.t1	sp|Q75Z89|5HT2A_BOVIN	24.214	318	184	8	33	303	84	391	1.91e-16	77.4
Pver_g665.t1	sp|Q75Z89|5HT2A_BOVIN	24.661	369	207	15	44	360	83	432	1.67e-16	77.8
Pver_g667.t1	sp|Q75Z89|5HT2A_BOVIN	22.540	315	191	7	45	315	84	389	5.07e-16	76.3
Pver_g698.t1	sp|P14842|5HT2A_RAT	22.572	381	227	13	6	331	78	445	3.71e-13	67.4
Pver_g718.t1	sp|P12109|CO6A1_HUMAN	22.459	423	264	12	185	592	614	987	1.06e-17	87.8
Pver_g763.t1	sp|Q7ZX03|FOXK2_XENLA	57.292	96	41	0	1282	1377	219	314	5.96e-33	134
Pver_g764.t1	sp|Q3UCQ1|FOXK2_MOUSE	54.000	100	44	1	125	224	249	346	1.74e-32	125
Pver_g808.t2	sp|Q924C3|ENPP1_RAT	29.977	427	250	12	25	441	192	579	2.51e-51	184
Pver_g811.t2	sp|Q04857|CO6A1_MOUSE	29.730	148	89	6	14	151	613	755	1.60e-06	52.4
Pver_g849.t1	sp|Q91W97|HKDC1_MOUSE	41.915	470	257	6	4	465	449	910	7.94e-130	395
Pver_g857.t1	sp|Q5X7P2|GPMI_LEGPA	25.658	152	98	4	188	336	375	514	7.42e-06	47.0
Pver_g859.t1	sp|Q75Z89|5HT2A_BOVIN	20.186	322	193	9	24	284	79	397	1.50e-07	49.7
Pver_g924.t1	sp|P50128|5HT2A_MACMU	25.460	326	197	8	48	331	80	401	1.41e-20	90.1
Pver_g925.t1	sp|P18599|5HT2A_CRIGR	25.989	354	189	11	45	342	80	416	5.85e-19	89.7
Pver_g941.t1	sp|P12109|CO6A1_HUMAN	35.958	381	198	7	481	841	203	557	3.80e-25	111
Pver_g990.t2	sp|P28223|5HT2A_HUMAN	21.767	317	204	7	574	853	88	397	8.73e-14	72.0
Pver_g1019.t1	sp|O97562|UCP2_PIG	24.825	286	206	5	19	300	12	292	1.33e-19	85.1
Pver_g1026.t1	sp|P14842|5HT2A_RAT	24.832	298	168	13	2	264	113	389	6.98e-07	48.9
Pver_g1030.t2	sp|Q04857|CO6A1_MOUSE	24.306	432	275	18	533	929	606	1020	3.33e-15	80.1
Pver_g1057.t1	sp|Q75Z89|5HT2A_BOVIN	20.245	326	193	12	41	315	87	396	6.31e-06	45.4
Pver_g1076.t1	sp|P18599|5HT2A_CRIGR	24.348	345	182	10	27	312	73	397	4.25e-14	70.1
Pver_g1176.t1	sp|Q924C3|ENPP1_RAT	31.590	459	260	14	32	477	190	607	1.13e-57	202
Pver_g1284.t2	sp|P50128|5HT2A_MACMU	27.368	190	120	7	1785	1972	83	256	1.75e-08	57.0
Pver_g1341.t1	sp|Q5FKK7|LDH2_LACAC	23.129	294	187	9	821	1101	32	299	3.46e-09	57.0
Pver_g1342.t1	sp|Q75Z89|5HT2A_BOVIN	26.875	160	92	6	7	151	55	204	7.18e-11	62.0
Pver_g1350.t1	sp|P06802|ENPP1_MOUSE	35.204	392	212	10	9	380	217	586	2.56e-61	211
Pver_g1377.t1	sp|Q5R5A8|UCP2_PONAB	25.240	313	198	10	10	306	15	307	2.07e-14	70.1
Pver_g1410.t1	sp|P28223|5HT2A_HUMAN	23.902	410	242	16	26	380	75	469	7.77e-17	79.3
Pver_g1472.t1	sp|P56500|UCP2_RAT	38.182	275	159	2	27	299	31	296	1.66e-66	208
Pver_g1494.t1	sp|P50128|5HT2A_MACMU	25.676	296	199	7	5	288	36	322	2.72e-15	77.4
Pver_g1546.t1	sp|Q01167|FOXK2_HUMAN	40.491	163	84	5	46	198	257	416	4.61e-27	108
Pver_g1555.t1	sp|P06802|ENPP1_MOUSE	37.018	389	231	7	33	409	192	578	1.02e-74	249
Pver_g1702.t2	sp|P12109|CO6A1_HUMAN	43.089	123	58	4	580	696	231	347	3.28e-13	71.6
Pver_g1757.t1	sp|P37942|ODB2_BACSU	33.034	445	250	9	78	513	11	416	4.03e-59	199
Pver_g1831.t1	sp|Q86AD5|Y1564_DICDI	42.456	285	133	6	173	435	29	304	1.37e-60	201
Pver_g1865.t2	sp|P12109|CO6A1_HUMAN	20.946	148	105	4	128	268	614	756	1.07e-06	47.8
Pver_g1899.t1	sp|P12109|CO6A1_HUMAN	51.471	68	30	1	89	156	275	339	1.03e-09	54.3
Pver_g1900.t1	sp|Q04857|CO6A1_MOUSE	47.619	105	52	1	40	141	270	374	3.48e-15	72.4
Pver_g1918.t1	sp|Q924M7|MPI_MOUSE	50.117	427	198	7	1	416	1	423	1.42e-140	405
Pver_g1931.t1	sp|Q75Z89|5HT2A_BOVIN	21.538	325	193	11	558	829	77	392	1.89e-07	52.0
Pver_g1943.t1	sp|P50128|5HT2A_MACMU	24.620	329	189	10	48	331	83	397	1.01e-16	79.0
Pver_g1944.t1	sp|Q75Z89|5HT2A_BOVIN	26.075	372	204	13	56	377	53	403	6.11e-19	86.3
Pver_g1945.t2	sp|Q75Z89|5HT2A_BOVIN	23.919	347	213	13	26	332	79	414	1.31e-15	77.8
Pver_g1958.t2	sp|P12109|CO6A1_HUMAN	51.562	64	25	1	270	327	287	350	3.77e-07	50.1
Pver_g1962.t1	sp|Q04857|CO6A1_MOUSE	44.444	99	54	1	111	208	267	365	4.12e-14	70.9
Pver_g1963.t1	sp|Q04857|CO6A1_MOUSE	29.936	157	91	3	48	185	229	385	1.52e-06	47.4
Pver_g1964.t1	sp|Q04857|CO6A1_MOUSE	40.625	96	31	2	114	183	440	535	8.69e-09	54.3
Pver_g2031.t2	sp|P38571|LICH_HUMAN	47.074	376	196	2	32	406	26	399	1.38e-119	351
Pver_g2079.t1	sp|P55851|UCP2_HUMAN	27.957	279	177	6	38	305	33	298	1.62e-18	81.6
Pver_g2087.t1	sp|P50128|5HT2A_MACMU	24.058	345	227	9	24	361	82	398	5.81e-19	85.5
Pver_g2088.t1	sp|P50128|5HT2A_MACMU	27.488	211	146	7	33	238	80	288	1.01e-14	73.2
Pver_g2089.t1	sp|P50128|5HT2A_MACMU	22.054	331	213	10	1	320	105	401	6.94e-14	69.7
Pver_g2090.t1	sp|P14842|5HT2A_RAT	24.646	353	226	11	33	373	82	406	2.90e-18	83.6
Pver_g2144.t1	sp|P50128|5HT2A_MACMU	30.303	99	62	3	406	498	112	209	1.61e-06	48.5
Pver_g2191.t1	sp|Q04857|CO6A1_MOUSE	49.057	53	24	1	122	174	438	487	8.18e-08	51.6
Pver_g2240.t1	sp|Q9NJP9|GLPK_TRYBB	43.191	514	272	7	15	516	4	509	4.18e-151	440
Pver_g2255.t1	sp|Q8CG64|FKRP_MOUSE	31.293	147	91	5	52	195	319	458	1.04e-09	55.1
Pver_g2272.t1	sp|P50128|5HT2A_MACMU	24.887	221	142	9	625	843	77	275	5.94e-09	57.0
Pver_g2279.t1	sp|P50128|5HT2A_MACMU	22.599	354	218	9	14	316	48	396	1.04e-17	82.4
Pver_g2352.t2	sp|Q5R5A8|UCP2_PONAB	34.483	232	143	4	14	239	16	244	1.15e-34	132
Pver_g2370.t1	sp|P00940|TPIS_CHICK	72.131	244	68	0	3	246	4	247	9.52e-127	357
Pver_g2379.t1	sp|P12109|CO6A1_HUMAN	20.998	481	288	20	23	477	599	1013	2.41e-08	54.3
Pver_g2380.t2	sp|P12109|CO6A1_HUMAN	25.466	161	95	6	456	603	614	762	3.16e-07	52.4
Pver_g2383.t1	sp|P12109|CO6A1_HUMAN	27.922	154	93	6	34	178	612	756	2.35e-08	55.1
Pver_g2387.t1	sp|Q75Z89|5HT2A_BOVIN	23.602	322	178	11	37	309	88	390	5.86e-12	65.5
Pver_g2431.t2	sp|P35363|5HT2A_MOUSE	20.403	397	254	14	819	1165	83	467	2.11e-11	65.1
Pver_g2466.t1	sp|P14842|5HT2A_RAT	24.828	145	102	2	35	179	77	214	2.09e-07	47.8
Pver_g2499.t1	sp|P35363|5HT2A_MOUSE	24.412	340	201	9	335	632	79	404	1.47e-17	83.2
Pver_g2500.t1	sp|P18599|5HT2A_CRIGR	24.615	325	204	9	47	337	78	395	8.98e-15	72.8
Pver_g2501.t1	sp|P50128|5HT2A_MACMU	24.500	400	236	12	316	664	12	396	1.07e-15	77.8
Pver_g2598.t1	sp|Q75Z89|5HT2A_BOVIN	21.986	282	170	8	31	277	78	344	1.04e-12	68.2
Pver_g2662.t1	sp|Q04857|CO6A1_MOUSE	27.439	164	90	9	67	215	608	757	7.84e-06	45.8
Pver_g2684.t1	sp|P14842|5HT2A_RAT	21.807	321	208	9	29	310	77	393	7.70e-17	78.6
Pver_g2802.t1	sp|O97562|UCP2_PIG	34.564	298	171	5	9	293	9	295	2.23e-52	172
Pver_g2869.t1	sp|Q9HK01|GADH_THEAC	36.585	328	199	3	1	323	154	477	4.05e-67	216
Pver_g2870.t1	sp|Q9HK01|GADH_THEAC	30.137	146	96	3	444	589	1	140	2.12e-16	79.7
Pver_g2896.t1	sp|Q75Z89|5HT2A_BOVIN	27.429	175	113	7	3	173	43	207	3.99e-07	50.8
Pver_g2908.t1	sp|P18599|5HT2A_CRIGR	23.739	337	196	10	20	311	73	393	1.25e-22	98.6
Pver_g3015.t1	sp|P12109|CO6A1_HUMAN	38.318	107	60	1	102	202	231	337	1.19e-09	58.2
Pver_g3019.t1.1.5de5c9a2	sp|O97562|UCP2_PIG	23.592	284	192	9	30	292	19	298	2.00e-13	67.0
Pver_g3065.t1	sp|P35363|5HT2A_MOUSE	22.430	321	206	8	28	309	80	396	1.51e-19	87.0
Pver_g3066.t2	sp|Q04857|CO6A1_MOUSE	40.000	80	30	2	102	166	443	519	3.39e-06	48.9
Pver_g3067.t2	sp|P16118|F261_HUMAN	50.109	459	169	5	73	530	36	435	3.73e-160	462
Pver_g3184.t3	sp|P38571|LICH_HUMAN	41.436	362	185	3	328	664	37	396	2.49e-84	269
Pver_g3210.t1	sp|P35363|5HT2A_MOUSE	26.882	372	227	12	330	693	69	403	2.23e-23	101
Pver_g3215.t1	sp|P18599|5HT2A_CRIGR	19.394	330	219	8	21	316	77	393	2.09e-10	60.8
Pver_g3259.t1	sp|P12109|CO6A1_HUMAN	48.889	90	38	2	46	135	255	336	1.05e-12	65.5
Pver_g3342.t1	sp|Q75Z89|5HT2A_BOVIN	33.835	133	72	6	93	217	92	216	9.92e-07	48.1
Pver_g3360.t1	sp|Q9HK01|GADH_THEAC	35.876	485	297	6	13	490	3	480	1.77e-100	308
Pver_g3361.t1	sp|Q9HK01|GADH_THEAC	31.881	436	241	9	14	398	4	434	7.68e-68	220
Pver_g3389.t1	sp|P85037|FOXK1_HUMAN	41.000	100	48	3	44	141	297	387	4.26e-15	75.9
Pver_g3417.t1	sp|Q9HK01|GADH_THEAC	34.677	496	308	7	48	534	4	492	2.28e-95	303
Pver_g3466.t2	sp|Q75Z89|5HT2A_BOVIN	29.442	197	116	7	186	375	26	206	1.33e-13	70.5
Pver_g3467.t1	sp|Q75Z89|5HT2A_BOVIN	22.899	345	195	10	14	294	54	391	7.29e-13	66.6
Pver_g3468.t1	sp|P50128|5HT2A_MACMU	27.948	229	155	5	37	261	83	305	4.39e-18	85.1
Pver_g3573.t2	sp|P18599|5HT2A_CRIGR	22.905	358	227	6	812	1131	79	425	3.31e-18	86.7
Pver_g3660.t2	sp|P12109|CO6A1_HUMAN	30.645	186	95	10	304	477	606	769	6.09e-11	64.3
Pver_g3661.t1	sp|P12109|CO6A1_HUMAN	30.319	188	96	11	315	490	605	769	1.66e-10	63.2
Pver_g3662.t1	sp|P12109|CO6A1_HUMAN	28.485	165	94	8	1002	1156	606	756	1.64e-08	56.6
Pver_g3665.t1	sp|P18599|5HT2A_CRIGR	22.687	335	212	10	52	346	77	404	2.98e-17	80.5
Pver_g3669.t1	sp|Q75Z89|5HT2A_BOVIN	22.051	390	228	12	20	357	79	444	1.41e-11	63.5
Pver_g3684.t1	sp|P50128|5HT2A_MACMU	29.268	328	168	10	20	285	78	403	9.01e-25	102
Pver_g3732.t1	sp|P12109|CO6A1_HUMAN	27.395	595	312	20	731	1267	23	555	3.38e-11	68.2
Pver_g3776.t1	sp|P50128|5HT2A_MACMU	24.451	319	191	11	39	317	83	391	4.00e-17	79.3
Pver_g3831.t1	sp|P12109|CO6A1_HUMAN	37.589	141	71	4	61	193	189	320	2.22e-11	60.1
Pver_g3882.t1	sp|Q75Z89|5HT2A_BOVIN	23.294	425	269	13	386	779	4	402	4.53e-18	85.5
Pver_g3981.t1	sp|O97562|UCP2_PIG	29.371	286	186	6	46	320	18	298	1.02e-23	96.7
Pver_g4009.t1	sp|Q04857|CO6A1_MOUSE	42.090	354	148	9	635	979	268	573	1.91e-21	99.0
Pver_g4036.t1	sp|Q04857|CO6A1_MOUSE	41.441	111	61	2	23	131	267	375	5.46e-11	58.2
Pver_g4039.t2	sp|Q04857|CO6A1_MOUSE	42.813	327	161	6	282	604	268	572	1.16e-30	129
Pver_g4040.t2	sp|P12109|CO6A1_HUMAN	31.804	632	297	17	349	936	33	574	9.25e-26	113
Pver_g4046.t1	sp|Q04857|CO6A1_MOUSE	42.042	333	154	6	622	942	268	573	2.37e-23	105
Pver_g4145.t1	sp|P35363|5HT2A_MOUSE	22.704	392	221	16	187	502	79	464	4.63e-12	65.5
Pver_g4176.t1	sp|Q04857|CO6A1_MOUSE	35.385	130	74	2	850	979	268	387	2.68e-10	62.4
Pver_g4305.t1	sp|P35363|5HT2A_MOUSE	21.176	340	211	8	15	309	78	405	1.09e-07	50.4
Pver_g4307.t1	sp|O97562|UCP2_PIG	53.821	301	124	4	4	299	5	295	1.01e-112	326
Pver_g4320.t1	sp|P28223|5HT2A_HUMAN	20.659	334	191	9	34	320	82	388	8.76e-09	54.3
Pver_g4321.t1	sp|P14842|5HT2A_RAT	24.138	377	219	14	2	334	51	404	1.04e-17	84.7
Pver_g4362.t1	sp|Q04857|CO6A1_MOUSE	37.324	142	72	4	251	383	231	364	5.23e-11	62.4
Pver_g4363.t1	sp|Q04857|CO6A1_MOUSE	35.616	146	79	3	232	362	220	365	7.59e-11	62.0
Pver_g4364.t1	sp|Q04857|CO6A1_MOUSE	43.519	108	54	2	157	260	281	385	1.67e-12	66.6
Pver_g4369.t1	sp|Q04857|CO6A1_MOUSE	37.755	98	46	1	219	301	271	368	6.18e-10	58.5
Pver_g4408.t1	sp|Q8R059|GALE_MOUSE	25.651	269	158	9	66	294	3	269	1.29e-08	53.5
Pver_g4484.t1	sp|Q75Z89|5HT2A_BOVIN	21.701	341	204	14	26	321	73	395	1.02e-06	48.9
Pver_g4486.t1	sp|P14842|5HT2A_RAT	30.952	210	116	12	37	232	83	277	8.65e-09	54.7
Pver_g4518.t1	sp|P35363|5HT2A_MOUSE	21.534	339	220	8	64	358	62	398	5.76e-12	64.3
Pver_g4522.t1	sp|Q01167|FOXK2_HUMAN	46.316	95	51	0	49	143	258	352	1.04e-25	108
Pver_g4562.t1	sp|P70406|UCP2_MOUSE	23.793	290	201	5	221	497	16	298	7.89e-20	87.8
Pver_g4605.t1	sp|Q9NJP9|GLPK_TRYBB	31.489	524	324	13	18	524	6	511	2.44e-67	223
Pver_g4676.t2	sp|P12109|CO6A1_HUMAN	20.312	384	243	15	3819	4148	614	988	2.75e-08	58.5
Pver_g4677.t2	sp|P12109|CO6A1_HUMAN	23.529	255	151	9	95	312	614	861	1.82e-06	50.8
Pver_g4698.t2	sp|P18599|5HT2A_CRIGR	23.776	143	99	3	798	934	66	204	4.36e-07	50.8
Pver_g4719.t2	sp|P12109|CO6A1_HUMAN	45.000	80	35	2	122	192	271	350	6.04e-09	58.5
Pver_g4720.t1	sp|Q04857|CO6A1_MOUSE	48.529	68	35	0	122	189	270	337	8.75e-10	59.3
Pver_g4732.t2	sp|P12109|CO6A1_HUMAN	32.206	562	288	18	929	1422	36	572	2.72e-25	112
Pver_g4733.t1	sp|Q04857|CO6A1_MOUSE	40.127	314	115	8	390	639	268	572	1.57e-19	93.2
Pver_g4760.t1	sp|Q75Z89|5HT2A_BOVIN	23.563	348	213	10	24	332	69	402	7.16e-17	79.0
Pver_g4846.t1	sp|P35363|5HT2A_MOUSE	28.070	342	198	13	566	868	59	391	9.90e-25	106
Pver_g4856.t1	sp|Q75Z89|5HT2A_BOVIN	27.451	153	101	5	152	302	66	210	4.30e-11	61.6
Pver_g4924.t1	sp|P14842|5HT2A_RAT	24.148	352	205	14	3	303	51	391	2.13e-15	76.3
Pver_g4969.t1	sp|P18599|5HT2A_CRIGR	21.964	387	233	10	31	354	73	453	6.19e-18	83.2
Pver_g5032.t1	sp|Q04857|CO6A1_MOUSE	46.667	105	53	1	49	150	270	374	3.69e-15	73.2
Pver_g5097.t1	sp|Q04857|CO6A1_MOUSE	44.444	90	45	2	185	271	294	381	1.27e-08	55.8
Pver_g5098.t1	sp|P12109|CO6A1_HUMAN	41.176	102	48	2	132	221	225	326	7.01e-11	63.2
Pver_g5110.t1	sp|P12109|CO6A1_HUMAN	48.529	68	35	0	28	95	283	350	1.21e-09	57.0
Pver_g5140.t1	sp|Q75Z89|5HT2A_BOVIN	26.102	295	161	10	440	687	116	400	1.09e-10	62.0
Pver_g5218.t1	sp|P50128|5HT2A_MACMU	24.000	325	188	11	455	723	77	398	2.99e-17	82.8
Pver_g5306.t1	sp|P18599|5HT2A_CRIGR	23.894	339	191	10	25	308	80	406	3.40e-15	76.3
Pver_g5371.t2	sp|P14842|5HT2A_RAT	30.508	118	72	2	147	254	83	200	6.37e-11	62.0
Pver_g5375.t1	sp|P14842|5HT2A_RAT	26.687	326	178	12	14	286	91	408	5.38e-16	75.5
Pver_g5376.t1	sp|Q04857|CO6A1_MOUSE	53.191	47	22	0	439	485	435	481	3.11e-06	48.5
Pver_g5395.t1	sp|A2ATU0|DHTK1_MOUSE	63.299	485	171	4	486	965	406	888	0.0	655
Pver_g5403.t1	sp|Q75Z89|5HT2A_BOVIN	24.756	307	189	8	10	277	92	395	5.71e-16	77.0
Pver_g5404.t1	sp|P35363|5HT2A_MOUSE	23.497	366	223	11	4	321	80	436	2.85e-13	68.2
Pver_g5410.t2	sp|P12109|CO6A1_HUMAN	28.144	167	94	8	5846	5999	607	760	1.48e-07	56.2
Pver_g5414.t1	sp|P12109|CO6A1_HUMAN	35.165	91	58	1	152	242	233	322	1.28e-07	52.4
Pver_g5438.t1	sp|P61889|MDH_ECOLI	59.864	294	114	4	28	319	2	293	3.31e-112	325
Pver_g5458.t1.1.5de5c9e5	sp|P14842|5HT2A_RAT	22.449	343	200	11	65	354	61	390	3.81e-13	68.2
Pver_g5469.t1	sp|P38571|LICH_HUMAN	50.877	399	185	4	3	401	9	396	6.13e-142	407
Pver_g5516.t1	sp|Q04857|CO6A1_MOUSE	42.697	89	42	1	5	84	271	359	1.82e-11	57.0
Pver_g5689.t1	sp|P12109|CO6A1_HUMAN	26.804	194	111	8	3580	3756	809	988	4.69e-07	54.3
Pver_g5691.t2	sp|Q04857|CO6A1_MOUSE	25.831	391	244	14	503	855	613	995	1.61e-12	72.4
Pver_g5767.t1	sp|P12109|CO6A1_HUMAN	37.500	128	79	1	77	203	194	321	4.32e-12	68.6
Pver_g5768.t2	sp|Q04857|CO6A1_MOUSE	45.679	81	41	1	1215	1292	284	364	3.83e-09	60.1
Pver_g5775.t1	sp|Q6L285|GADH_PICTO	32.623	469	298	4	23	486	18	473	2.24e-82	261
Pver_g5776.t1	sp|Q04857|CO6A1_MOUSE	46.250	80	40	1	440	516	285	364	4.65e-09	57.8
Pver_g5822.t1	sp|P12109|CO6A1_HUMAN	27.513	189	111	8	70	236	829	1013	2.72e-07	48.9
Pver_g5930.t1	sp|P50128|5HT2A_MACMU	27.692	195	123	6	31	211	83	273	5.82e-13	65.9
Pver_g5941.t1	sp|Q04857|CO6A1_MOUSE	44.231	104	52	2	108	205	270	373	3.33e-12	65.1
Pver_g5942.t1	sp|Q04857|CO6A1_MOUSE	47.525	101	50	1	53	150	274	374	2.39e-15	73.9
Pver_g5943.t1	sp|Q04857|CO6A1_MOUSE	31.329	316	158	6	267	552	270	556	9.10e-16	79.0
Pver_g5944.t1	sp|P12109|CO6A1_HUMAN	58.824	34	14	0	2	35	278	311	3.84e-06	43.9
Pver_g5988.t1	sp|P12109|CO6A1_HUMAN	35.882	170	85	3	88	233	206	375	3.63e-15	76.3
Pver_g5990.t3	sp|P12109|CO6A1_HUMAN	50.685	73	33	1	891	963	257	326	2.96e-11	65.1
Pver_g6146.t1	sp|Q04857|CO6A1_MOUSE	47.581	124	56	3	83	203	268	385	6.76e-16	73.6
Pver_g6187.t1	sp|Q04857|CO6A1_MOUSE	43.548	124	49	4	47	149	266	389	3.03e-10	58.2
Pver_g6188.t2	sp|Q04857|CO6A1_MOUSE	46.154	91	49	0	58	148	268	358	1.15e-10	59.7
Pver_g6189.t2	sp|Q04857|CO6A1_MOUSE	46.154	91	49	0	58	148	268	358	1.23e-10	59.7
Pver_g6190.t1	sp|Q04857|CO6A1_MOUSE	33.793	145	42	2	52	142	337	481	1.43e-09	57.8
Pver_g6191.t1	sp|Q04857|CO6A1_MOUSE	44.681	94	52	0	810	903	268	361	9.25e-11	63.5
Pver_g6196.t1	sp|Q04857|CO6A1_MOUSE	46.154	65	35	0	40	104	305	369	5.99e-07	47.4
Pver_g6197.t1	sp|Q04857|CO6A1_MOUSE	44.000	100	56	0	52	151	268	367	6.67e-10	57.4
Pver_g6198.t1	sp|P12109|CO6A1_HUMAN	43.564	101	54	1	196	293	255	355	8.29e-10	58.5
Pver_g6199.t1	sp|Q04857|CO6A1_MOUSE	44.211	95	53	0	52	146	268	362	3.01e-10	58.2
Pver_g6200.t2	sp|Q04857|CO6A1_MOUSE	46.591	88	47	0	454	541	280	367	1.68e-10	62.0
Pver_g6237.t1	sp|P50128|5HT2A_MACMU	27.746	173	111	7	16	187	41	200	6.53e-10	59.7
Pver_g6281.t1	sp|P35363|5HT2A_MOUSE	24.219	256	160	11	12	257	80	311	1.00e-07	50.8
Pver_g6298.t1	sp|P35363|5HT2A_MOUSE	21.377	276	187	6	30	279	91	362	1.76e-07	52.0
Pver_g6422.t2	sp|Q04857|CO6A1_MOUSE	29.605	152	89	5	1060	1202	613	755	1.63e-07	57.0
Pver_g6433.t1	sp|P53448|ALDOC_CARAU	71.629	356	100	1	5	359	8	363	0.0	520
Pver_g6454.t1	sp|Q75Z89|5HT2A_BOVIN	22.393	326	224	7	25	326	76	396	2.82e-19	85.9
Pver_g6464.t2	sp|Q04857|CO6A1_MOUSE	38.406	138	75	2	490	619	228	363	7.65e-12	67.4
Pver_g6522.t1	sp|P50128|5HT2A_MACMU	21.053	342	198	9	8	284	57	391	1.10e-10	61.2
Pver_g6528.t1	sp|P18599|5HT2A_CRIGR	24.232	293	173	10	311	556	103	393	3.70e-10	60.1
Pver_g6585.t2	sp|P12109|CO6A1_HUMAN	42.574	101	58	0	57	157	244	344	4.43e-10	62.4
Pver_g6586.t1	sp|Q04857|CO6A1_MOUSE	48.421	95	46	1	64	155	267	361	1.35e-13	68.6
Pver_g6596.t2	sp|P12109|CO6A1_HUMAN	47.143	70	37	0	24	93	257	326	1.24e-09	60.5
Pver_g6597.t1	sp|P12109|CO6A1_HUMAN	45.055	91	49	1	36	126	250	339	4.95e-13	66.2
Pver_g6623.t1	sp|P12109|CO6A1_HUMAN	34.375	96	52	3	271	357	614	707	2.79e-08	53.9
Pver_g6713.t1	sp|Q3UCQ1|FOXK2_MOUSE	56.250	96	42	0	77	172	249	344	5.53e-31	124
Pver_g6714.t1	sp|Q3UCQ1|FOXK2_MOUSE	38.525	122	68	3	1	118	226	344	2.31e-20	88.2
Pver_g6715.t1	sp|Q3UCQ1|FOXK2_MOUSE	41.237	97	56	1	30	126	249	344	4.23e-20	88.2
Pver_g6756.t1	sp|P12109|CO6A1_HUMAN	36.250	160	71	5	316	463	200	340	6.60e-14	74.3
Pver_g6760.t1	sp|A8FE66|ODO1_BACP2	27.419	186	124	6	191	368	356	538	1.71e-09	57.0
Pver_g6776.t1	sp|P18599|5HT2A_CRIGR	21.672	323	191	10	107	375	79	393	4.89e-07	50.1
Pver_g6777.t1	sp|P18599|5HT2A_CRIGR	21.538	325	195	10	21	293	80	396	2.85e-10	58.5
Pver_g6778.t1	sp|P18599|5HT2A_CRIGR	21.538	325	195	10	21	293	80	396	1.41e-10	59.7
Pver_g6780.t1	sp|Q04857|CO6A1_MOUSE	50.000	62	25	1	172	227	288	349	9.69e-08	51.2
Pver_g6781.t1	sp|P18599|5HT2A_CRIGR	19.878	327	200	12	20	293	79	396	2.21e-06	46.2
Pver_g6782.t1	sp|P18599|5HT2A_CRIGR	21.429	350	209	14	9	303	70	408	3.58e-09	55.1
Pver_g6793.t1	sp|P35363|5HT2A_MOUSE	24.149	323	184	9	57	324	80	396	4.91e-13	67.4
Pver_g6826.t1	sp|P50128|5HT2A_MACMU	27.483	302	198	9	38	328	83	374	6.19e-23	97.1
Pver_g6906.t1	sp|Q7ZX03|FOXK2_XENLA	45.455	99	52	1	50	146	214	312	8.20e-22	95.5
Pver_g6919.t1	sp|O97562|UCP2_PIG	31.597	288	182	7	11	287	15	298	1.74e-27	106
Pver_g6930.t1	sp|Q04857|CO6A1_MOUSE	32.258	124	70	3	28	142	613	731	1.21e-08	53.5
Pver_g6956.t1	sp|Q75Z89|5HT2A_BOVIN	22.101	276	160	9	52	290	83	340	1.36e-07	50.1
Pver_g6966.t1	sp|B2VH13|GPMB_ERWT9	25.121	207	131	6	104	288	6	210	7.66e-07	46.6
Pver_g6985.t1	sp|Q04857|CO6A1_MOUSE	27.083	192	112	8	72	239	826	1013	4.47e-06	45.1
Pver_g6986.t1	sp|Q04857|CO6A1_MOUSE	30.719	153	82	5	99	236	611	754	3.65e-08	52.0
Pver_g7051.t1	sp|Q9H9S5|FKRP_HUMAN	50.000	38	19	0	52	89	334	371	1.99e-07	47.8
Pver_g7062.t1	sp|P14842|5HT2A_RAT	23.864	176	117	2	30	188	89	264	1.87e-09	57.0
Pver_g7086.t1	sp|P50128|5HT2A_MACMU	26.351	296	167	13	10	264	63	348	1.63e-10	60.1
Pver_g7091.t1	sp|Q75Z89|5HT2A_BOVIN	22.222	324	210	9	24	309	78	397	1.46e-14	72.0
Pver_g7119.t1	sp|P50128|5HT2A_MACMU	26.935	323	171	8	20	283	77	393	1.40e-27	110
Pver_g7137.t1	sp|P14842|5HT2A_RAT	22.464	414	251	17	34	404	83	469	2.92e-07	51.2
Pver_g7161.t1	sp|P35363|5HT2A_MOUSE	31.126	151	90	4	8	148	57	203	4.79e-11	62.4
Pver_g7286.t1	sp|Q75Z89|5HT2A_BOVIN	23.311	296	201	10	379	652	89	380	2.99e-11	64.3
Pver_g7434.t1	sp|P35363|5HT2A_MOUSE	23.262	374	212	12	51	361	94	455	6.44e-18	82.4
Pver_g7440.t1	sp|P18599|5HT2A_CRIGR	19.745	314	207	7	179	452	83	391	5.04e-12	65.1
Pver_g7504.t1	sp|Q04857|CO6A1_MOUSE	47.525	101	53	0	50	150	274	374	1.59e-13	70.5
Pver_g7505.t1	sp|Q04857|CO6A1_MOUSE	46.667	105	53	1	48	149	270	374	4.47e-15	73.2
Pver_g7506.t1	sp|Q04857|CO6A1_MOUSE	47.619	105	52	1	56	157	270	374	3.51e-15	73.6
Pver_g7507.t1	sp|P12109|CO6A1_HUMAN	52.727	55	26	0	3	57	257	311	1.97e-09	53.5
Pver_g7537.t1	sp|Q04857|CO6A1_MOUSE	26.154	195	110	7	318	497	614	789	3.21e-11	63.5
Pver_g7612.t1	sp|Q04857|CO6A1_MOUSE	41.045	134	64	3	117	250	435	553	3.37e-09	57.0
Pver_g7633.t1	sp|Q75Z89|5HT2A_BOVIN	29.814	322	190	7	35	329	83	395	2.28e-38	141
Pver_g7702.t1	sp|P28223|5HT2A_HUMAN	27.628	333	173	11	11	280	76	403	1.63e-27	110
Pver_g7707.t1	sp|P18599|5HT2A_CRIGR	23.077	416	236	13	2	336	50	462	6.62e-20	87.8
Pver_g7708.t1	sp|Q75Z89|5HT2A_BOVIN	26.761	355	187	13	7	299	49	392	1.01e-24	104
Pver_g7711.t1	sp|Q01167|FOXK2_HUMAN	47.115	104	53	1	86	187	248	351	7.41e-24	98.2
Pver_g7715.t1	sp|P12109|CO6A1_HUMAN	42.763	304	131	7	358	622	257	556	8.13e-22	100
Pver_g7716.t1	sp|Q04857|CO6A1_MOUSE	39.514	329	128	7	1020	1299	267	573	1.85e-23	105
Pver_g7718.t1	sp|P70406|UCP2_MOUSE	35.495	293	172	6	11	299	16	295	1.45e-57	185
Pver_g7719.t1	sp|Q04857|CO6A1_MOUSE	43.034	323	164	6	1289	1610	268	571	8.03e-27	117
Pver_g7722.t1	sp|Q04857|CO6A1_MOUSE	41.325	317	128	9	151	434	268	559	1.64e-22	100
Pver_g7786.t1	sp|P06802|ENPP1_MOUSE	34.621	751	429	22	81	802	184	901	1.91e-127	401
Pver_g7860.t1	sp|P12109|CO6A1_HUMAN	37.288	118	63	2	227	342	242	350	5.06e-09	55.5
Pver_g7861.t1	sp|Q04857|CO6A1_MOUSE	44.737	76	40	1	76	149	313	388	3.25e-08	50.1
Pver_g7863.t1	sp|P12109|CO6A1_HUMAN	36.438	365	143	11	100	422	257	574	1.37e-17	84.7
Pver_g7870.t1	sp|Q04857|CO6A1_MOUSE	38.690	336	146	8	55	354	267	578	2.25e-19	89.7
Pver_g7904.t1	sp|P18599|5HT2A_CRIGR	21.450	331	211	8	71	359	79	402	1.41e-11	63.2
Pver_g7940.t2	sp|Q75Z89|5HT2A_BOVIN	20.900	311	180	10	1451	1704	88	389	7.64e-10	60.8
Pver_g8025.t1	sp|Q75Z89|5HT2A_BOVIN	22.018	218	137	7	55	263	92	285	6.21e-08	51.6
Pver_g8035.t1	sp|P14842|5HT2A_RAT	25.140	358	189	13	18	318	83	418	2.92e-15	73.6
Pver_g8114.t1	sp|P18599|5HT2A_CRIGR	24.691	324	210	9	34	328	80	398	4.02e-20	89.0
Pver_g8165.t1	sp|Q75Z89|5HT2A_BOVIN	24.922	321	192	7	34	316	83	392	1.92e-17	80.9
Pver_g8176.t1	sp|P18599|5HT2A_CRIGR	22.864	398	248	12	30	389	79	455	1.92e-13	70.1
Pver_g8181.t1	sp|Q9H9S5|FKRP_HUMAN	50.000	40	20	0	122	161	332	371	3.72e-08	51.6
Pver_g8189.t1	sp|P14842|5HT2A_RAT	26.984	189	128	5	39	222	82	265	2.26e-11	65.9
Pver_g8194.t1	sp|P37942|ODB2_BACSU	32.767	412	235	9	89	463	9	415	2.29e-57	193
Pver_g8324.t1	sp|O97562|UCP2_PIG	25.134	187	121	5	58	231	113	293	8.86e-13	65.9
Pver_g8342.t2	sp|Q75Z89|5HT2A_BOVIN	22.892	332	212	9	22	322	75	393	2.87e-13	71.2
Pver_g8355.t2	sp|Q04857|CO6A1_MOUSE	45.783	83	39	1	91	167	306	388	1.46e-07	54.3
Pver_g8390.t1	sp|P28223|5HT2A_HUMAN	26.994	326	190	10	41	325	82	400	1.95e-26	107
Pver_g8399.t1	sp|O97562|UCP2_PIG	33.333	108	68	1	26	129	118	225	5.49e-13	62.8
Pver_g8400.t1	sp|Q04857|CO6A1_MOUSE	50.746	67	33	0	154	220	298	364	8.16e-10	60.1
Pver_g8408.t1	sp|Q8CG64|FKRP_MOUSE	22.039	363	237	13	176	519	83	418	1.04e-10	61.6
Pver_g8410.t1_g8411.t1	sp|Q8CG64|FKRP_MOUSE	23.030	330	221	9	167	477	75	390	1.77e-11	63.9
Pver_g8493.t2	sp|P14842|5HT2A_RAT	28.037	107	64	3	207	308	82	180	2.96e-06	47.0
Pver_g8495.t1	sp|Q75Z89|5HT2A_BOVIN	22.024	336	189	12	15	297	83	398	1.28e-10	59.7
Pver_g8496.t2	sp|P14842|5HT2A_RAT	28.125	128	85	3	285	410	78	200	3.44e-07	50.4
Pver_g8497.t1	sp|P14842|5HT2A_RAT	27.344	128	86	3	11	136	78	200	9.67e-08	50.8
Pver_g8499.t1.1.5de5ca36	sp|Q75Z89|5HT2A_BOVIN	23.582	335	180	13	162	440	84	398	7.04e-07	48.9
Pver_g8541.t1	sp|P42128|FOXK1_MOUSE	41.000	100	59	0	75	174	287	386	3.79e-20	87.8
Pver_g8586.t1	sp|Q924C3|ENPP1_RAT	33.741	409	220	13	333	715	195	578	9.13e-54	197
Pver_g8650.t1	sp|Q9HK01|GADH_THEAC	31.612	484	304	9	57	517	2	481	1.08e-74	250
Pver_g8763.t2	sp|Q04857|CO6A1_MOUSE	33.871	186	98	3	70	247	195	363	6.58e-14	72.4
Pver_g8764.t1	sp|P12109|CO6A1_HUMAN	36.424	151	66	4	122	248	231	375	8.25e-15	75.5
Pver_g8765.t1	sp|P12109|CO6A1_HUMAN	34.965	143	74	2	10	152	217	340	7.71e-14	71.2
Pver_g8766.t1	sp|P12109|CO6A1_HUMAN	38.931	131	59	4	122	252	231	340	1.66e-13	72.8
Pver_g8768.t1	sp|Q04857|CO6A1_MOUSE	33.516	182	110	3	241	413	183	362	5.23e-14	73.6
Pver_g8769.t2	sp|P12109|CO6A1_HUMAN	37.241	145	70	4	108	252	217	340	9.43e-14	74.7
Pver_g8770.t1	sp|P12109|CO6A1_HUMAN	36.641	131	62	3	511	641	231	340	5.76e-13	71.2
Pver_g8799.t1	sp|Q95028|LDH_DROME	61.747	332	127	0	1	332	1	332	1.19e-157	442
Pver_g8830.t2	sp|P14842|5HT2A_RAT	24.540	326	194	12	94	386	83	389	2.66e-08	53.9
Pver_g8832.t1	sp|Q04857|CO6A1_MOUSE	40.187	107	57	3	1068	1173	272	372	5.05e-09	58.5
Pver_g8878.t1	sp|Q3SZI5|UCP2_BOVIN	28.000	300	181	9	54	342	20	295	8.20e-26	103
Pver_g8906.t1	sp|Q8CG64|FKRP_MOUSE	27.826	115	81	1	274	386	283	397	2.20e-08	53.9
Pver_g8913.t1	sp|A9UMP7|ENO4_XENLA	28.896	616	367	13	2	607	9	563	3.19e-74	246
Pver_g8963.t1	sp|Q9KCZ4|GLK_HALH5	25.816	337	198	13	3	309	5	319	1.33e-12	65.1
Pver_g9016.t1	sp|P12109|CO6A1_HUMAN	32.143	84	47	2	100	176	223	303	4.01e-06	47.4
Pver_g9025.t1	sp|P56500|UCP2_RAT	22.837	289	194	10	5	282	9	279	1.79e-15	73.2
Pver_g9053.t1	sp|Q75Z89|5HT2A_BOVIN	22.102	371	200	14	37	349	79	418	1.85e-10	59.3
Pver_g9054.t1	sp|P18599|5HT2A_CRIGR	21.818	385	219	15	2	333	51	406	3.27e-08	52.8
Pver_g9080.t2	sp|P12109|CO6A1_HUMAN	42.157	102	48	3	871	972	231	321	9.23e-10	60.8
Pver_g9081.t1	sp|Q04857|CO6A1_MOUSE	36.937	111	60	1	133	233	230	340	5.09e-09	56.6
Pver_g9088.t1	sp|P18599|5HT2A_CRIGR	24.615	325	209	10	30	324	78	396	1.93e-21	95.5
Pver_g9108.t1	sp|P35363|5HT2A_MOUSE	25.786	318	195	9	457	742	83	391	6.40e-23	100
Pver_g9152.t1	sp|P18599|5HT2A_CRIGR	26.608	342	185	13	44	329	77	408	5.62e-18	85.1
Pver_g9161.t1	sp|Q04857|CO6A1_MOUSE	40.260	77	28	2	122	180	299	375	5.17e-06	47.4
Pver_g9165.t1	sp|Q01167|FOXK2_HUMAN	42.568	148	78	1	26	173	220	360	6.92e-33	127
Pver_g9167.t1	sp|O97562|UCP2_PIG	26.190	294	198	6	6	291	16	298	1.62e-25	101
Pver_g9205.t2	sp|Q04857|CO6A1_MOUSE	47.059	68	36	0	1509	1576	270	337	3.07e-08	57.0
Pver_g9209.t1	sp|P18599|5HT2A_CRIGR	25.703	249	157	7	5	235	33	271	5.38e-14	71.2
Pver_g9211.t1	sp|P14842|5HT2A_RAT	27.922	154	97	5	20	168	78	222	7.29e-09	53.5
Pver_g9212.t1	sp|P14842|5HT2A_RAT	22.156	334	222	12	84	391	82	403	4.78e-06	46.2
Pver_g9213.t2	sp|P18599|5HT2A_CRIGR	27.041	196	130	8	1343	1532	78	266	3.69e-10	61.6
Pver_g9244.t1	sp|Q75Z89|5HT2A_BOVIN	24.484	339	210	16	27	324	80	413	3.39e-12	67.0
Pver_g9405.t1	sp|P12109|CO6A1_HUMAN	25.949	158	102	5	28	176	829	980	5.04e-07	47.4
Pver_g9445.t1	sp|P12109|CO6A1_HUMAN	30.921	152	85	5	174	314	614	756	3.98e-11	66.6
Pver_g9471.t1	sp|P56500|UCP2_RAT	32.333	300	182	10	10	303	18	302	1.30e-34	125
Pver_g9484.t2	sp|P17244|G3P_CRIGR	73.353	334	88	1	2	335	1	333	0.0	524
Pver_g9544.t1	sp|Q75Z89|5HT2A_BOVIN	22.186	311	196	5	294	560	92	400	5.46e-11	62.4
Pver_g9586.t1	sp|P18599|5HT2A_CRIGR	22.727	374	224	11	27	355	79	432	1.80e-15	75.1
Pver_g9587.t1	sp|P12109|CO6A1_HUMAN	33.113	151	77	6	80	207	201	350	1.75e-08	55.5
Pver_g9600.t2	sp|P18599|5HT2A_CRIGR	24.390	328	199	6	3883	4172	79	395	2.68e-16	82.8
Pver_g9636.t1	sp|Q8CG64|FKRP_MOUSE	26.667	150	99	5	66	213	322	462	3.46e-08	53.1
Pver_g9669.t1	sp|P50128|5HT2A_MACMU	24.118	340	205	12	32	329	113	441	9.41e-16	75.5
Pver_g9721.t1	sp|Q75Z89|5HT2A_BOVIN	24.620	329	189	14	22	299	73	393	2.47e-11	61.6
Pver_g9724.t1	sp|P35363|5HT2A_MOUSE	29.252	147	91	4	7	148	69	207	1.18e-09	58.2
Pver_g9742.t1	sp|P35363|5HT2A_MOUSE	23.676	321	200	10	28	310	78	391	3.66e-17	80.9
Pver_g9805.t1	sp|Q6L285|GADH_PICTO	30.435	483	321	8	22	500	4	475	2.42e-75	243
Pver_g9856.t1	sp|Q04857|CO6A1_MOUSE	43.966	116	53	1	739	842	271	386	4.33e-15	77.4
Pver_g9863.t2	sp|Q04857|CO6A1_MOUSE	58.537	41	17	0	106	146	444	484	6.13e-06	43.1
Pver_g9876.t1	sp|Q04857|CO6A1_MOUSE	44.262	122	56	4	209	320	270	389	1.41e-10	60.5
Pver_g9903.t1	sp|Q7SIB7|PGK1_PIG	73.029	241	65	0	1	241	176	416	3.45e-121	349
Pver_g9904.t1	sp|P91427|PGK_CAEEL	73.099	171	46	0	2	172	3	173	7.87e-89	263
Pver_g9991.t1	sp|Q6L285|GADH_PICTO	28.537	417	240	11	70	477	13	380	3.36e-29	120
Pver_g10003.t1	sp|Q04857|CO6A1_MOUSE	48.980	49	25	0	3	51	337	385	7.58e-06	43.5
Pver_g10004.t1	sp|P12109|CO6A1_HUMAN	40.000	120	57	4	110	228	239	344	1.62e-08	53.9
Pver_g10005.t1	sp|Q04857|CO6A1_MOUSE	56.364	55	20	1	128	182	324	374	1.27e-08	54.3
Pver_g10027.t1	sp|Q3UCQ1|FOXK2_MOUSE	33.974	156	93	5	65	212	221	374	1.52e-17	79.3
Pver_g10028.t1	sp|Q3UCQ1|FOXK2_MOUSE	36.923	130	75	4	87	211	221	348	6.05e-20	88.2
Pver_g10029.t1	sp|Q3UCQ1|FOXK2_MOUSE	41.000	100	46	2	465	551	245	344	4.51e-18	85.9
Pver_g10059.t1	sp|Q04857|CO6A1_MOUSE	43.836	73	40	1	390	462	272	343	6.81e-07	50.8
Pver_g10164.t1	sp|P35363|5HT2A_MOUSE	24.260	338	171	14	96	378	86	393	8.36e-10	58.9
Pver_g10223.t1	sp|P85037|FOXK1_HUMAN	27.941	204	125	6	163	351	305	501	1.41e-16	79.3
Pver_g10237.t1	sp|Q9SQI8|ODP24_ARATH	28.499	393	207	7	73	404	57	436	3.09e-37	138
Pver_g10241.t1	sp|P50128|5HT2A_MACMU	24.036	337	215	13	8	315	78	402	3.69e-14	71.2
Pver_g10242.t1	sp|P18599|5HT2A_CRIGR	24.611	321	201	14	8	296	78	389	2.66e-12	65.5
Pver_g10252.t1	sp|P12109|CO6A1_HUMAN	37.398	123	73	2	92	211	208	329	5.48e-10	59.7
Pver_g10254.t1	sp|P12109|CO6A1_HUMAN	36.508	126	71	4	90	211	206	326	8.53e-09	56.2
Pver_g10292.t1	sp|Q75Z89|5HT2A_BOVIN	23.547	327	192	11	27	313	79	387	1.42e-10	60.1
Pver_g10325.t1	sp|Q75Z89|5HT2A_BOVIN	26.367	311	180	9	24	294	86	387	1.87e-19	89.7
Pver_g10346.t1	sp|Q04857|CO6A1_MOUSE	40.278	72	28	1	38	94	447	518	8.62e-06	47.0
Pver_g10396.t2	sp|Q75Z89|5HT2A_BOVIN	25.000	364	226	11	558	909	78	406	1.83e-23	102
Pver_g10441.t1	sp|P28223|5HT2A_HUMAN	22.604	407	230	14	41	394	86	460	2.95e-12	65.5
Pver_g10444.t1	sp|P18599|5HT2A_CRIGR	23.263	331	206	10	247	534	79	404	7.53e-12	65.1
Pver_g10467.t1	sp|P18599|5HT2A_CRIGR	25.316	237	138	11	114	311	166	402	1.75e-08	53.1
Pver_g10491.t1	sp|P51913|ENOA_CHICK	75.127	394	97	1	63	456	3	395	0.0	630
Pver_g10510.t1	sp|P18599|5HT2A_CRIGR	20.443	406	222	17	20	340	82	471	3.13e-10	58.9
Pver_g10626.t1	sp|P35363|5HT2A_MOUSE	22.086	326	200	13	17	297	84	400	1.19e-07	50.4
Pver_g10629.t1	sp|P14842|5HT2A_RAT	23.433	367	226	11	47	369	82	437	1.47e-19	87.4
Pver_g10662.t1	sp|Q04857|CO6A1_MOUSE	42.991	107	50	3	91	187	270	375	4.70e-13	66.2
Pver_g10721.t1	sp|P36871|PGM1_HUMAN	62.039	569	206	4	1	566	1	562	0.0	734
Pver_g10735.t1	sp|Q75Z89|5HT2A_BOVIN	20.973	329	210	7	27	310	82	405	9.58e-14	70.9
Pver_g10736.t1	sp|P18599|5HT2A_CRIGR	24.339	378	250	12	55	418	79	434	1.10e-17	84.0
Pver_g10737.t1	sp|P18599|5HT2A_CRIGR	24.771	327	200	9	411	704	91	404	3.87e-14	73.2
Pver_g10738.t1	sp|P35363|5HT2A_MOUSE	26.444	329	206	11	25	333	79	391	1.73e-16	79.3
Pver_g10739.t1	sp|Q75Z89|5HT2A_BOVIN	25.000	328	215	12	521	831	84	397	5.30e-12	66.6
Pver_g10823.t1	sp|P50128|5HT2A_MACMU	24.129	373	206	12	373	687	40	393	3.74e-16	79.3
Pver_g10825.t1	sp|P35363|5HT2A_MOUSE	22.157	343	214	12	26	329	74	402	9.64e-12	63.9
Pver_g10885.t1	sp|P18599|5HT2A_CRIGR	22.946	353	221	13	3	314	48	390	1.82e-10	60.5
Pver_g10908.t1	sp|Q75Z89|5HT2A_BOVIN	21.365	337	212	11	37	334	82	404	9.63e-10	57.4
Pver_g10909.t1	sp|P18599|5HT2A_CRIGR	23.788	433	237	14	36	415	79	471	2.35e-17	81.3
Pver_g10922.t2	sp|P50128|5HT2A_MACMU	26.400	125	88	2	1712	1835	86	207	2.58e-06	49.7
Pver_g10933.t2	sp|Q04857|CO6A1_MOUSE	35.751	193	79	1	18	165	295	487	4.00e-19	92.8
Pver_g10950.t1	sp|Q60HD9|PFKAM_MACFA	63.540	661	231	2	66	725	13	664	0.0	848
Pver_g11020.t1	sp|P14842|5HT2A_RAT	25.000	200	127	5	6	197	77	261	1.72e-06	47.0
Pver_g11162.t1	sp|Q3UCQ1|FOXK2_MOUSE	51.282	117	56	1	22	138	227	342	8.61e-32	122
Pver_g11235.t1	sp|P35363|5HT2A_MOUSE	19.741	309	222	6	65	354	87	388	5.95e-13	67.8
Pver_g11273.t1	sp|Q04857|CO6A1_MOUSE	27.907	172	95	6	295	445	592	755	3.35e-13	69.7
Pver_g11323.t1	sp|Q75Z89|5HT2A_BOVIN	23.276	348	203	12	3	299	86	420	4.94e-10	60.1
Pver_g11331.t1	sp|P50128|5HT2A_MACMU	27.481	131	78	4	48	171	86	206	2.72e-08	52.4
Pver_g11372.t1	sp|Q04857|CO6A1_MOUSE	45.312	64	29	1	316	373	274	337	3.83e-07	50.4
Pver_g11373.t1	sp|P12109|CO6A1_HUMAN	42.697	89	48	1	46	131	257	345	4.20e-11	57.4
Pver_g11381.t1	sp|P12109|CO6A1_HUMAN	42.529	87	50	0	2	88	259	345	1.24e-11	61.2
Pver_g11382.t2	sp|P12109|CO6A1_HUMAN	43.590	78	44	0	66	143	257	334	3.36e-08	52.0
Pver_g11383.t1	sp|P12109|CO6A1_HUMAN	46.591	88	45	1	215	300	248	335	8.66e-12	64.7
Pver_g11413.t1	sp|Q75Z89|5HT2A_BOVIN	24.684	316	193	12	67	354	83	381	4.04e-09	56.6
Pver_g11414.t1	sp|Q75Z89|5HT2A_BOVIN	24.129	402	235	17	59	413	86	464	1.24e-10	61.2
Pver_g11415.t2	sp|Q75Z89|5HT2A_BOVIN	23.218	435	248	20	70	472	86	466	1.60e-07	51.6
Pver_g11417.t1	sp|Q75Z89|5HT2A_BOVIN	23.192	401	245	15	142	496	83	466	2.30e-09	57.8
Pver_g11420.t2	sp|Q75Z89|5HT2A_BOVIN	24.684	316	193	12	51	338	83	381	5.56e-08	53.1
Pver_g11465.t1	sp|Q75Z89|5HT2A_BOVIN	21.739	207	140	7	33	222	77	278	9.90e-06	44.7
Pver_g11467.t1	sp|Q7ZX03|FOXK2_XENLA	35.606	132	65	7	145	268	176	295	1.12e-12	66.2
Pver_g11582.t1	sp|Q4VWF8|GPMI_BRUMA	60.116	519	194	6	1	513	1	512	0.0	633
Pver_g11614.t1	sp|P14842|5HT2A_RAT	21.728	382	217	16	11	330	79	440	5.18e-07	49.7
Pver_g11616.t1	sp|O97562|UCP2_PIG	23.625	309	203	6	19	314	6	294	1.81e-18	82.0
Pver_g11621.t1	sp|P16118|F261_HUMAN	59.226	439	177	2	8	445	33	470	0.0	550
Pver_g11653.t1	sp|P14842|5HT2A_RAT	24.731	372	204	11	120	419	25	392	1.63e-23	100
Pver_g11665.t1	sp|Q9NJP9|GLPK_TRYBB	34.694	98	60	2	393	489	355	449	1.05e-07	52.0
Pver_g11701.t1	sp|Q8R059|GALE_MOUSE	24.850	334	199	13	100	391	2	325	2.24e-17	80.5
Pver_g11725.t1	sp|O97562|UCP2_PIG	36.458	288	174	4	11	297	16	295	8.97e-63	198
Pver_g11728.t1	sp|P14842|5HT2A_RAT	26.667	315	178	9	33	297	77	388	6.49e-23	96.7
Pver_g11762.t1	sp|P35363|5HT2A_MOUSE	26.524	328	190	13	38	324	78	395	1.28e-12	66.2
Pver_g11769.t1	sp|Q9R0N0|GALK1_MOUSE	27.840	449	237	16	34	468	17	392	3.06e-36	135
Pver_g11801.t1	sp|Q7ZX03|FOXK2_XENLA	41.358	162	80	4	91	237	217	378	9.30e-27	113
Pver_g11844.t1	sp|Q75Z89|5HT2A_BOVIN	23.077	325	205	9	27	310	78	398	3.54e-17	79.7
Pver_g11911.t1	sp|Q8R059|GALE_MOUSE	25.368	272	150	10	5	237	2	259	3.61e-11	61.6
Pver_g11944.t1	sp|Q75Z89|5HT2A_BOVIN	22.222	189	123	8	16	195	82	255	6.00e-06	47.8
Pver_g11962.t1	sp|Q5R5A8|UCP2_PONAB	28.218	202	129	5	138	327	3	200	1.30e-17	79.7
Pver_g12029.t1	sp|Q6L285|GADH_PICTO	27.470	415	270	10	30	424	62	465	7.25e-40	148
Pver_g12040.t1	sp|P50128|5HT2A_MACMU	24.852	338	199	9	51	348	73	395	8.33e-16	76.3
Pver_g12133.t1	sp|P13706|GPDA_DROME	52.430	391	139	5	1	389	1	346	7.77e-126	365
Pver_g12163.t1	sp|P18599|5HT2A_CRIGR	22.936	327	205	9	12	296	82	403	5.03e-08	51.6
Pver_g12211.t1	sp|P18599|5HT2A_CRIGR	25.439	114	85	0	43	156	87	200	4.51e-06	47.4
Pver_g12221.t1	sp|P50128|5HT2A_MACMU	21.914	324	192	11	25	298	82	394	1.48e-08	53.5
Pver_g12254.t2	sp|Q04857|CO6A1_MOUSE	37.666	377	158	13	1054	1409	251	571	4.52e-28	122
Pver_g12300.t1	sp|P50128|5HT2A_MACMU	30.075	133	80	5	26	152	78	203	5.25e-06	45.1
Pver_g12313.t1	sp|P35363|5HT2A_MOUSE	21.935	310	195	11	40	308	87	390	3.63e-08	52.0
Pver_g12315.t1	sp|P28223|5HT2A_HUMAN	22.154	325	178	16	20	286	86	393	1.08e-07	50.1
Pver_g12316.t1	sp|P28223|5HT2A_HUMAN	22.785	316	185	15	29	293	86	393	2.26e-08	52.4
Pver_g12365.t1	sp|Q75Z89|5HT2A_BOVIN	23.734	316	212	10	35	330	88	394	3.75e-18	82.4
Pver_g12393.t1	sp|P14618|KPYM_HUMAN	59.465	523	205	2	12	528	9	530	0.0	649
Pver_g12406.t1	sp|P35363|5HT2A_MOUSE	23.214	336	183	12	697	982	83	393	7.64e-09	58.2
Pver_g12529.t1	sp|Q04857|CO6A1_MOUSE	24.331	411	252	16	10	369	608	1010	6.19e-17	83.6
Pver_g12530.t1	sp|Q04857|CO6A1_MOUSE	22.759	435	263	16	3284	3665	599	1013	2.68e-11	68.2
Pver_g12531.t1	sp|Q04857|CO6A1_MOUSE	23.737	396	237	17	216	567	610	984	1.85e-12	68.6
Pver_g12571.t1	sp|P14842|5HT2A_RAT	19.777	359	252	10	4	333	42	393	1.02e-08	54.7
Pver_g12636.t2	sp|P14842|5HT2A_RAT	23.250	400	240	16	307	662	86	462	1.47e-08	55.5
Pver_g12755.t1	sp|Q8CG64|FKRP_MOUSE	21.799	289	191	7	269	537	121	394	6.51e-12	65.9
Pver_g12757.t2	sp|Q75Z89|5HT2A_BOVIN	28.889	360	210	11	199	514	79	436	2.64e-33	129
Pver_g12803.t3	sp|Q04857|CO6A1_MOUSE	39.423	104	63	0	902	1005	277	380	8.67e-12	67.0
Pver_g12822.t1	sp|P12109|CO6A1_HUMAN	48.718	78	39	1	137	213	257	334	2.25e-09	56.6
Pver_g12861.t1	sp|Q04857|CO6A1_MOUSE	55.319	47	15	1	55	95	436	482	4.83e-06	46.6
Pver_g12883.t1	sp|Q75Z89|5HT2A_BOVIN	30.476	105	64	2	471	575	83	178	8.25e-06	46.6
Pver_g12890.t1	sp|Q04857|CO6A1_MOUSE	24.883	213	130	8	71	269	612	808	2.65e-06	48.1
Pver_g12892.t1	sp|P12109|CO6A1_HUMAN	26.316	152	95	5	1027	1170	614	756	4.04e-07	52.4
Pver_g12922.t2	sp|P50128|5HT2A_MACMU	25.305	328	187	14	15	302	71	380	2.31e-12	67.0
Pver_g12923.t1	sp|P35363|5HT2A_MOUSE	24.868	378	241	11	15	351	73	448	3.52e-20	89.0
Pver_g13000.t1	sp|Q75Z89|5HT2A_BOVIN	22.527	364	196	11	1786	2094	78	410	2.52e-14	75.5
Pver_g13012.t1	sp|D9TT10|PFKB_THETC	22.261	283	174	10	3	265	12	268	3.45e-08	52.0
Pver_g13037.t1	sp|Q9HK01|GADH_THEAC	34.583	480	300	7	38	512	6	476	1.26e-92	289
Pver_g13040.t1	sp|Q04857|CO6A1_MOUSE	44.675	338	154	5	881	1218	267	571	5.68e-31	130
Pver_g13106.t1	sp|P12109|CO6A1_HUMAN	37.190	121	72	2	94	211	210	329	1.72e-09	59.7
Pver_g13121.t1	sp|P12109|CO6A1_HUMAN	46.053	76	41	0	82	157	263	338	7.60e-09	56.2
Pver_g13272.t2	sp|P50128|5HT2A_MACMU	23.647	351	191	15	2104	2404	59	382	2.40e-09	60.1
Pver_g13296.t1	sp|Q04857|CO6A1_MOUSE	47.191	89	41	2	100	182	289	377	1.69e-11	64.7
Pver_g13332.t1	sp|O97562|UCP2_PIG	23.718	312	198	10	6	290	5	303	5.51e-16	74.3
Pver_g13333.t1	sp|P56500|UCP2_RAT	24.490	294	181	10	346	612	17	296	8.23e-12	63.9
Pver_g13335.t1	sp|O97562|UCP2_PIG	22.509	271	189	6	32	285	30	296	5.83e-15	71.6
Pver_g13351.t1	sp|Q5R5A8|UCP2_PONAB	29.949	197	115	5	14	210	107	280	3.40e-20	87.4
Pver_g13405.t1	sp|P42128|FOXK1_MOUSE	47.423	97	51	0	12	108	290	386	2.49e-26	105
Pver_g13500.t1	sp|P14842|5HT2A_RAT	21.098	346	194	13	718	1010	83	402	5.02e-11	63.5
Pver_g13565.t1	sp|P38571|LICH_HUMAN	42.965	398	220	4	1	396	3	395	4.07e-111	329
Pver_g13590.t1	sp|Q04857|CO6A1_MOUSE	43.299	97	46	2	117	204	290	386	2.19e-09	57.0
Pver_g13599.t2	sp|Q04857|CO6A1_MOUSE	43.678	87	39	2	547	623	270	356	1.21e-09	60.1
Pver_g13606.t1	sp|Q04857|CO6A1_MOUSE	27.273	165	106	3	1020	1175	824	983	2.94e-09	60.5
Pver_g13614.t1	sp|Q75Z89|5HT2A_BOVIN	37.500	56	35	0	2	57	74	129	1.97e-06	43.9
Pver_g13671.t1	sp|P50128|5HT2A_MACMU	25.000	204	125	9	3359	3559	83	261	1.26e-07	55.1
Pver_g13697.t1	sp|P14842|5HT2A_RAT	26.250	320	199	17	46	340	86	393	7.92e-13	67.4
Pver_g13698.t1	sp|Q75Z89|5HT2A_BOVIN	23.385	325	203	13	57	347	78	390	2.42e-12	66.2
Pver_g13719.t2	sp|P14842|5HT2A_RAT	21.767	317	195	7	4528	4793	89	403	2.52e-06	51.2
Pver_g13723.t1	sp|P14842|5HT2A_RAT	21.512	344	210	10	16	311	72	403	4.52e-08	52.0
Pver_g13782.t1	sp|P28223|5HT2A_HUMAN	25.069	363	230	15	49	383	49	397	4.14e-07	49.3
Pver_g13809.t1	sp|Q04857|CO6A1_MOUSE	42.424	99	42	2	142	228	281	376	9.58e-11	62.4
Pver_g13810.t1	sp|Q04857|CO6A1_MOUSE	41.584	101	43	2	138	223	454	553	2.45e-11	64.3
Pver_g13817.t1	sp|Q75Z89|5HT2A_BOVIN	26.316	209	131	6	29	229	80	273	1.72e-12	65.5
Pver_g13818.t1	sp|P14842|5HT2A_RAT	26.331	338	192	10	33	326	79	403	3.67e-21	91.7
Pver_g13833.t1	sp|Q75Z89|5HT2A_BOVIN	31.250	128	85	2	28	155	80	204	9.12e-14	70.5
Pver_g13870.t1	sp|P85037|FOXK1_HUMAN	55.890	399	154	7	39	416	106	503	7.87e-139	420
Pver_g13960.t2	sp|P50128|5HT2A_MACMU	25.731	171	108	4	3	165	49	208	4.13e-12	64.3
Pver_g14042.t1	sp|P14842|5HT2A_RAT	20.115	348	200	10	23	313	72	398	4.00e-08	52.0
Pver_g14049.t1	sp|Q75Z89|5HT2A_BOVIN	24.796	367	194	13	3	299	48	402	1.43e-18	84.0
Pver_g14076.t1	sp|P50128|5HT2A_MACMU	22.923	349	197	14	11	310	79	404	1.24e-09	58.5
Pver_g14090.t1	sp|Q8VDL4|ADPGK_MOUSE	29.801	453	291	12	26	467	52	488	9.33e-53	182
Pver_g14091.t1	sp|Q8VDL4|ADPGK_MOUSE	30.549	455	285	13	81	522	52	488	2.89e-54	188
Pver_g14113.t1	sp|Q04857|CO6A1_MOUSE	23.669	169	111	7	205	365	597	755	4.60e-08	53.1
Pver_g14181.t1	sp|Q04857|CO6A1_MOUSE	40.000	100	60	0	1216	1315	290	389	3.30e-10	62.4
Pver_g14250.t1	sp|P12109|CO6A1_HUMAN	46.053	76	41	0	25	100	263	338	7.59e-09	56.6
Pver_g14252.t2	sp|P12109|CO6A1_HUMAN	38.318	107	63	1	435	538	223	329	8.06e-10	61.2
Pver_g14276.t1	sp|O97562|UCP2_PIG	33.152	184	109	6	459	629	19	201	1.78e-19	87.4
Pver_g14299.t1	sp|Q04857|CO6A1_MOUSE	31.023	303	190	5	434	730	270	559	1.24e-08	56.2
Pver_g14310.t1	sp|Q8CG64|FKRP_MOUSE	26.496	117	71	3	361	467	270	381	3.26e-08	53.5
Pver_g14403.t1	sp|Q04857|CO6A1_MOUSE	26.485	404	257	17	946	1320	592	984	3.56e-25	111
Pver_g14404.t2	sp|P12109|CO6A1_HUMAN	23.690	439	244	20	1161	1539	605	1012	1.33e-12	70.9
Pver_g14506.t1	sp|P18599|5HT2A_CRIGR	22.124	339	213	8	37	338	80	404	1.33e-13	69.7
Pver_g14532.t1	sp|Q9H9S5|FKRP_HUMAN	24.545	220	144	7	127	333	157	367	5.29e-07	50.1
Pver_g14536.t1	sp|Q75Z89|5HT2A_BOVIN	28.571	126	87	2	59	184	70	192	5.83e-07	48.9
Pver_g14727.t1	sp|P18599|5HT2A_CRIGR	24.242	330	199	8	32	319	83	403	3.62e-20	89.7
Pver_g14761.t1	sp|P12109|CO6A1_HUMAN	37.956	137	48	2	150	249	436	572	1.31e-11	63.9
Pver_g14766.t2	sp|P56500|UCP2_RAT	23.841	302	191	8	7	276	10	304	1.64e-11	60.8
Pver_g14795.t1	sp|Q75Z89|5HT2A_BOVIN	21.317	319	198	12	38	316	87	392	2.62e-10	59.3
Pver_g14883.t2	sp|Q03249|GALT_MOUSE	54.296	291	113	2	623	894	13	302	5.78e-106	331
Pver_g14933.t1	sp|Q9HK01|GADH_THEAC	29.854	479	324	9	34	507	2	473	1.78e-71	234
Pver_g14945.t2	sp|P56500|UCP2_RAT	28.315	279	186	6	717	987	26	298	1.31e-19	88.6
Pver_g14997.t1	sp|O97562|UCP2_PIG	21.203	316	204	5	16	322	16	295	9.93e-17	77.0
Pver_g15037.t1	sp|Q04857|CO6A1_MOUSE	47.222	108	45	2	12	113	274	375	4.00e-12	63.5
Pver_g15055.t1	sp|P50128|5HT2A_MACMU	22.727	330	191	11	122	410	82	388	3.20e-14	72.4
Pver_g15100.t1	sp|P28223|5HT2A_HUMAN	21.918	438	241	17	7	368	44	456	1.14e-08	53.9
Pver_g15167.t1	sp|P08059|G6PI_PIG	63.395	489	140	4	4	453	3	491	0.0	648
Pver_g15184.t1	sp|P70406|UCP2_MOUSE	27.513	189	125	3	61	240	11	196	5.50e-16	73.6
Pver_g15229.t1	sp|O97562|UCP2_PIG	29.667	300	187	10	26	316	14	298	1.75e-25	101
Pver_g15240.t1	sp|Q7ZX03|FOXK2_XENLA	42.759	145	73	2	38	178	193	331	2.78e-27	113
Pver_g15328.t1	sp|Q75Z89|5HT2A_BOVIN	25.758	132	91	3	38	167	84	210	1.93e-07	50.1
Pver_g15376.t1	sp|P12109|CO6A1_HUMAN	48.214	56	29	0	12	67	254	309	1.22e-06	45.4
Pver_g15402.t1	sp|Q04857|CO6A1_MOUSE	24.750	400	248	16	3119	3477	606	993	1.84e-15	81.3
Pver_g15649.t1	sp|Q04857|CO6A1_MOUSE	43.077	65	28	1	108	163	295	359	4.70e-08	50.8
Pver_g15650.t1	sp|Q04857|CO6A1_MOUSE	43.011	93	50	1	182	271	274	366	1.85e-11	62.8
Pver_g15701.t1	sp|Q3UCQ1|FOXK2_MOUSE	41.667	84	39	3	691	772	237	312	1.87e-12	68.2
Pver_g15744.t1	sp|P12109|CO6A1_HUMAN	28.497	193	120	6	331	515	603	785	7.33e-09	55.8
Pver_g16044.t2	sp|P14842|5HT2A_RAT	31.304	115	67	5	11	119	75	183	1.03e-06	48.5
Pver_g16144.t1	sp|Q148N0|ODO1_BOVIN	58.624	945	296	9	128	980	73	1014	0.0	1106
Pver_g16152.t1	sp|P50128|5HT2A_MACMU	23.853	327	183	12	23	289	70	390	3.92e-13	69.3
Pver_g16201.t1	sp|P50128|5HT2A_MACMU	22.571	319	201	7	448	728	78	388	2.01e-15	77.8
Pver_g16276.t2	sp|Q8CG64|FKRP_MOUSE	43.396	53	30	0	80	132	315	367	4.23e-06	47.4
Pver_g16277.t1	sp|Q9H9S5|FKRP_HUMAN	23.874	222	149	8	118	327	154	367	9.85e-06	45.8
Pver_g16278.t1	sp|P42128|FOXK1_MOUSE	49.485	97	47	1	104	198	288	384	4.01e-22	94.4
Pver_g16323.t1	sp|Q6L285|GADH_PICTO	33.632	223	135	2	283	500	54	268	9.53e-30	120
Pver_g16471.t1	sp|Q04857|CO6A1_MOUSE	42.424	99	54	1	252	347	268	366	5.77e-12	65.1
Pver_g16549.t2	sp|Q7ZX03|FOXK2_XENLA	52.419	124	54	3	117	237	217	338	4.97e-32	128
Pver_g16577.t1	sp|P12109|CO6A1_HUMAN	49.153	59	27	1	33	91	256	311	1.02e-06	46.6
Pver_g16595.t1	sp|Q04857|CO6A1_MOUSE	33.195	241	130	6	379	589	283	522	5.18e-13	70.9
Pver_g16615.t1	sp|P12109|CO6A1_HUMAN	38.806	67	41	0	49	115	283	349	9.75e-06	42.4
Pver_g16628.t1	sp|Q6L285|GADH_PICTO	28.067	481	329	7	59	531	6	477	9.05e-63	211
Pver_g16683.t1	sp|P35363|5HT2A_MOUSE	24.274	379	227	12	23	350	77	446	9.11e-19	87.4
Pver_g16685.t1	sp|P50128|5HT2A_MACMU	30.000	130	83	4	29	152	82	209	2.84e-08	52.8
Pver_g16701.t1	sp|P18599|5HT2A_CRIGR	22.222	288	164	11	21	256	103	382	5.75e-07	47.4
Pver_g16722.t1	sp|Q3UCQ1|FOXK2_MOUSE	36.000	100	53	4	27	117	230	327	4.32e-09	54.7
Pver_g16728.t1	sp|P35363|5HT2A_MOUSE	31.304	345	216	8	33	373	77	404	5.43e-39	143
Pver_g16738.t1	sp|Q75Z89|5HT2A_BOVIN	29.091	330	161	15	27	294	77	395	6.83e-29	116
Pver_g16772.t1	sp|Q3UCQ1|FOXK2_MOUSE	29.940	167	105	4	44	204	251	411	1.35e-13	69.7
Pver_g16866.t2	sp|Q04857|CO6A1_MOUSE	34.921	315	153	6	17	287	267	573	2.80e-21	95.9
Pver_g16895.t1	sp|P35363|5HT2A_MOUSE	24.014	279	169	13	5	250	39	307	2.45e-06	45.8
Pver_g16896.t1	sp|P50128|5HT2A_MACMU	21.655	411	246	16	314	680	23	401	2.82e-08	54.3
Pver_g17008.t1	sp|P12109|CO6A1_HUMAN	30.645	124	79	3	295	413	612	733	2.20e-09	58.5
Pver_g17040.t1	sp|P12109|CO6A1_HUMAN	39.597	149	73	5	87	229	216	353	3.20e-14	72.4
Pver_g17073.t1	sp|P50128|5HT2A_MACMU	20.536	224	136	5	1825	2034	82	277	2.44e-11	66.2
Pver_g17126.t1	sp|Q04857|CO6A1_MOUSE	39.634	328	152	6	568	872	268	572	6.42e-19	90.9
Pver_g17127.t1	sp|P56500|UCP2_RAT	34.708	291	179	5	22	311	15	295	1.07e-55	181
Pver_g17179.t1	sp|Q04857|CO6A1_MOUSE	39.706	136	72	2	108	235	230	363	7.79e-13	69.3
Pver_g17207.t2	sp|Q04857|CO6A1_MOUSE	40.650	123	51	4	1901	2006	270	387	1.90e-09	60.8
Pver_g17213.t1	sp|P18599|5HT2A_CRIGR	21.538	325	185	11	30	292	82	398	5.05e-13	67.8
Pver_g17316.t1	sp|P14842|5HT2A_RAT	21.574	394	233	10	12	343	82	461	1.58e-10	59.7
Pver_g17317.t1	sp|P14842|5HT2A_RAT	26.712	146	101	5	8	152	79	219	1.73e-06	48.5
Pver_g17422.t1	sp|P38571|LICH_HUMAN	49.598	373	183	3	27	398	31	399	2.75e-133	385
Pver_g17429.t1	sp|P50128|5HT2A_MACMU	20.000	330	225	9	41	350	79	389	2.06e-08	53.5
Pver_g17434.t1	sp|Q75Z89|5HT2A_BOVIN	20.988	324	213	13	13	304	83	395	4.15e-10	59.3
Pver_g17512.t1	sp|P12109|CO6A1_HUMAN	35.862	145	72	4	108	252	217	340	1.84e-13	71.2
Pver_g17548.t1	sp|P14842|5HT2A_RAT	22.727	132	99	2	255	386	82	210	8.30e-07	48.9
Pver_g17565.t1	sp|Q6L285|GADH_PICTO	36.345	476	290	5	24	492	4	473	3.62e-99	305
Pver_g17577.t1	sp|Q75Z89|5HT2A_BOVIN	24.928	349	204	10	32	339	74	405	7.84e-16	77.8
Pver_g17703.t2	sp|P18599|5HT2A_CRIGR	21.856	334	183	11	35	312	82	393	2.32e-08	54.7
Pver_g17734.t1	sp|P18599|5HT2A_CRIGR	19.572	327	201	11	33	316	84	391	1.54e-10	60.1
Pver_g17735.t1	sp|P97328|KHK_MOUSE	45.819	299	159	2	1	299	1	296	4.04e-96	285
Pver_g17847.t1	sp|Q04857|CO6A1_MOUSE	52.000	50	21	1	224	270	436	485	1.55e-07	50.8
Pver_g17849.t1	sp|Q04857|CO6A1_MOUSE	42.647	68	39	0	157	224	301	368	2.16e-08	52.8
Pver_g17850.t2	sp|Q04857|CO6A1_MOUSE	46.032	63	34	0	286	348	326	388	2.72e-07	51.6
Pver_g17851.t1	sp|P18599|5HT2A_CRIGR	28.676	136	90	3	310	442	79	210	1.13e-08	54.7
Pver_g17875.t1	sp|Q75Z89|5HT2A_BOVIN	23.148	216	157	4	623	836	12	220	3.61e-12	67.4
Pver_g17888.t1	sp|P12109|CO6A1_HUMAN	24.359	156	96	6	284	428	614	758	5.98e-09	55.8
Pver_g17945.t1	sp|P18599|5HT2A_CRIGR	22.327	318	227	10	51	355	83	393	7.34e-12	64.3
Pver_g17959.t1	sp|P28223|5HT2A_HUMAN	24.471	331	198	10	12	297	79	402	9.35e-17	78.2
Pver_g17960.t1	sp|P18599|5HT2A_CRIGR	21.194	335	207	10	11	297	79	404	5.26e-16	75.9
Pver_g17978.t1	sp|P12109|CO6A1_HUMAN	39.216	102	56	3	112	210	223	321	4.08e-07	50.4
Pver_g18009.t1	sp|P12109|CO6A1_HUMAN	38.017	121	71	2	94	211	210	329	4.05e-10	60.5
Pver_g18010.t1	sp|P12109|CO6A1_HUMAN	35.714	126	75	3	80	201	206	329	1.55e-09	58.5
Pver_g18011.t2	sp|P12109|CO6A1_HUMAN	36.364	121	73	2	94	211	210	329	3.31e-09	58.9
Pver_g18012.t1	sp|Q9N1E2|G6PI_RABIT	52.419	124	50	4	24	144	434	551	6.29e-28	117
Pver_g18022.t1	sp|Q04857|CO6A1_MOUSE	44.118	68	34	2	257	323	303	367	5.02e-07	49.3
Pver_g18044.t1	sp|P18599|5HT2A_CRIGR	24.189	339	196	14	37	339	90	403	1.80e-09	56.2
Pver_g18133.t1	sp|P14842|5HT2A_RAT	23.795	332	195	10	16	298	82	404	3.01e-12	64.3
Pver_g18134.t1	sp|P14842|5HT2A_RAT	22.659	331	201	9	39	323	82	403	2.07e-12	65.1
Pver_g18219.t2	sp|P14842|5HT2A_RAT	31.250	96	62	2	54	149	92	183	4.10e-06	46.6
Pver_g18220.t1	sp|Q75Z89|5HT2A_BOVIN	24.540	163	112	4	42	201	80	234	2.12e-06	46.2
Pver_g18247.t1	sp|Q04857|CO6A1_MOUSE	37.870	338	128	9	184	471	267	572	1.41e-22	102
Pver_g18258.t1	sp|P97328|KHK_MOUSE	47.619	294	153	1	19	312	5	297	2.98e-102	301
Pver_g18281.t1	sp|P12109|CO6A1_HUMAN	49.333	75	28	2	3	71	260	330	1.29e-08	52.8
Pver_g18463.t2	sp|P14842|5HT2A_RAT	23.404	329	206	10	19	308	79	400	1.41e-18	89.4
Pver_g18539.t1	sp|P12109|CO6A1_HUMAN	34.130	460	203	14	30	456	182	574	6.95e-20	90.5
Pver_g18552.t1	sp|Q04857|CO6A1_MOUSE	47.000	100	50	1	245	341	275	374	1.85e-13	70.1
Pver_g18658.t1	sp|P12109|CO6A1_HUMAN	36.875	160	84	4	624	769	199	355	9.33e-14	74.3
Pver_g18659.t1	sp|P12109|CO6A1_HUMAN	35.172	145	73	3	108	252	217	340	6.36e-14	73.2
Pver_g18661.t1	sp|P12109|CO6A1_HUMAN	40.845	142	78	2	108	246	217	355	7.08e-15	75.9
Pver_g18684.t2	sp|P12109|CO6A1_HUMAN	32.468	154	86	5	82	223	174	321	1.06e-07	52.8
Pver_g18685.t1	sp|P12109|CO6A1_HUMAN	40.196	102	55	3	993	1091	223	321	3.99e-07	53.1
Pver_g18705.t2	sp|P35363|5HT2A_MOUSE	23.214	336	184	15	2503	2789	83	393	8.36e-07	52.0
Pver_g18817.t1	sp|P12109|CO6A1_HUMAN	46.053	76	32	1	150	225	256	322	3.11e-08	51.2
Pver_g18825.t2	sp|Q3UCQ1|FOXK2_MOUSE	42.697	89	49	1	442	528	253	341	2.71e-15	76.6
Pver_g19090.t3	sp|Q04857|CO6A1_MOUSE	45.455	77	37	1	977	1053	266	337	3.15e-09	58.9
Pver_g19159.t1	sp|P14842|5HT2A_RAT	25.991	227	134	7	14	226	48	254	2.45e-13	69.7
Pver_g19249.t1	sp|P50128|5HT2A_MACMU	24.138	232	151	10	20	244	61	274	2.65e-11	62.4
Pver_g19266.t2	sp|P14842|5HT2A_RAT	23.824	340	200	14	44	350	83	396	4.29e-06	47.4
Pver_g19347.t1	sp|Q75Z89|5HT2A_BOVIN	20.700	343	210	11	15	314	83	406	2.07e-06	46.6
Pver_g19381.t1	sp|Q75Z89|5HT2A_BOVIN	21.264	348	203	9	11	292	49	391	1.33e-12	68.6
Pver_g19412.t1	sp|Q8CG64|FKRP_MOUSE	21.875	256	171	8	227	464	121	365	7.00e-08	52.8
Pver_g19413.t1	sp|Q8CG64|FKRP_MOUSE	21.875	256	171	8	227	464	121	365	1.23e-07	52.0
Pver_g19518.t1	sp|Q6P286|DHTK1_XENLA	42.752	407	146	11	27	365	24	411	3.68e-91	290
Pver_g19520.t2	sp|Q5R7H0|DHTK1_PONAB	37.919	298	115	8	657	897	55	339	5.77e-44	169
Pver_g19543.t2	sp|Q04857|CO6A1_MOUSE	47.619	105	52	1	49	150	270	374	6.19e-16	75.9
Pver_g19544.t1	sp|Q04857|CO6A1_MOUSE	31.890	254	87	6	16	230	269	475	1.88e-16	78.6
Pver_g19589.t1	sp|P50128|5HT2A_MACMU	25.000	204	125	9	1957	2157	83	261	8.20e-08	54.7
Pver_g19612.t1	sp|P56500|UCP2_RAT	37.349	83	52	0	51	133	119	201	2.28e-12	60.5
Pver_g19702.t2	sp|P12109|CO6A1_HUMAN	26.515	396	223	13	152	497	613	990	2.46e-16	80.9
Pver_g20065.t1	sp|Q04857|CO6A1_MOUSE	20.290	414	274	16	81	459	613	1005	1.09e-07	52.0
Pver_g20109.t1	sp|P18599|5HT2A_CRIGR	24.189	339	212	9	176	478	79	408	5.77e-14	71.2
Pver_g20175.t1	sp|P12109|CO6A1_HUMAN	30.000	180	106	5	46	208	145	321	2.31e-10	58.9
Pver_g20305.t1	sp|Q2SPT0|GLK_HAHCH	53.642	151	69	1	13	162	7	157	2.86e-51	164
Pver_g20361.t1	sp|Q9VUY9|PGM_DROME	25.124	402	240	15	13	370	36	420	6.93e-13	67.8
Pver_g20385.t1	sp|Q04857|CO6A1_MOUSE	49.020	51	26	0	29	79	437	487	3.29e-07	47.0
Pver_g20440.t2	sp|Q04857|CO6A1_MOUSE	25.460	326	175	14	193	500	607	882	3.75e-10	61.2
Pver_g20486.t1	sp|Q04857|CO6A1_MOUSE	34.595	185	96	3	70	246	195	362	1.50e-14	72.8
Pver_g20563.t1	sp|Q04857|CO6A1_MOUSE	45.614	57	28	1	37	90	309	365	4.20e-06	45.1
Pver_g20678.t1	sp|Q04857|CO6A1_MOUSE	45.614	57	28	1	72	125	309	365	9.81e-07	45.1
Pver_g20779.t2	sp|P14842|5HT2A_RAT	22.222	405	257	15	71	438	86	469	7.00e-08	52.4
Pver_g20852.t2	sp|Q04857|CO6A1_MOUSE	24.138	435	272	19	55	451	606	1020	6.77e-15	75.9
Pver_g21052.t1	sp|Q04857|CO6A1_MOUSE	49.505	101	48	1	32	129	274	374	2.41e-13	66.2
Pver_g21112.t2	sp|Q04857|CO6A1_MOUSE	39.506	81	44	2	52	129	309	387	1.94e-06	45.1
Pver_g21168.t1	sp|P50128|5HT2A_MACMU	21.130	407	257	14	4	373	22	401	1.96e-08	53.1
Pver_g21198.t1	sp|Q04857|CO6A1_MOUSE	56.818	44	19	0	4	47	270	313	1.47e-06	44.3
Pver_g21938.t1	sp|Q9VUY9|PGM_DROME	31.019	216	107	12	43	221	19	229	6.74e-07	47.4
Pver_g22273.t2	sp|Q04857|CO6A1_MOUSE	25.564	133	87	3	3	129	614	740	3.97e-09	52.0
Pver_g22785.t1	sp|Q04857|CO6A1_MOUSE	48.052	77	33	1	132	208	313	382	2.12e-09	54.7
Pver_g22790.t1	sp|P50128|5HT2A_MACMU	28.615	325	173	11	327	605	80	391	9.52e-26	108
Pver_g22794.t1	sp|P14842|5HT2A_RAT	24.928	345	192	11	2	290	51	384	4.88e-18	84.7
Pver_g22795.t1	sp|Q8VC30|TKFC_MOUSE	48.644	590	287	8	9	598	2	575	0.0	524
Pver_g22851.t1	sp|P18599|5HT2A_CRIGR	19.653	346	224	9	38	362	86	398	4.91e-10	58.2
Pver_g22887.t1	sp|Q59106|ODO1_CUPNH	25.229	218	139	8	107	309	664	872	1.80e-06	47.4
Pver_g22962.t1	sp|Q75Z89|5HT2A_BOVIN	21.221	344	214	9	45	345	72	401	2.31e-11	62.0
Pver_g22974.t1	sp|O97562|UCP2_PIG	32.459	305	182	5	1	292	2	295	3.99e-47	158
Pver_g23012.t1	sp|Q75Z89|5HT2A_BOVIN	22.817	355	219	13	3	319	67	404	3.56e-13	67.4
Pver_g23013.t1	sp|Q75Z89|5HT2A_BOVIN	22.663	353	218	12	16	330	69	404	2.12e-14	71.2
Pver_g23075.t1	sp|Q04857|CO6A1_MOUSE	44.408	304	152	4	566	865	283	573	1.92e-27	119
Pver_g23076.t2	sp|P12109|CO6A1_HUMAN	41.618	346	158	6	380	709	257	574	1.11e-28	124
Pver_g23080.t1	sp|P14842|5HT2A_RAT	29.412	119	74	4	1	116	66	177	5.10e-08	53.1
Pver_g23146.t1	sp|P12109|CO6A1_HUMAN	49.485	97	40	2	3	90	257	353	2.92e-11	61.6
Pver_g23150.t1	sp|Q04857|CO6A1_MOUSE	43.333	90	51	0	3	92	286	375	3.11e-11	61.6
Pver_g23210.t2	sp|Q75Z89|5HT2A_BOVIN	22.140	271	162	10	1079	1309	140	401	1.46e-08	56.2
Pver_g23211.t1	sp|P14842|5HT2A_RAT	21.667	300	190	8	29	288	86	380	8.60e-15	73.9
Pver_g23224.t1	sp|Q9H9S5|FKRP_HUMAN	42.636	516	267	7	27	541	2	489	3.41e-147	430
Pver_g23228.t1	sp|Q04857|CO6A1_MOUSE	47.368	57	30	0	129	185	333	389	1.64e-07	48.5
Pver_g23231.t1	sp|Q3SZI5|UCP2_BOVIN	19.536	302	217	7	20	308	21	309	1.00e-11	62.4
Pver_g23232.t2	sp|P56500|UCP2_RAT	22.109	294	203	10	32	312	20	300	2.20e-15	72.8
Pver_g23286.t1	sp|Q924C3|ENPP1_RAT	32.692	416	247	11	28	428	194	591	5.09e-63	218
Pver_g23328.t1	sp|P14842|5HT2A_RAT	24.397	373	210	13	10	331	48	399	1.48e-15	75.1
Pver_g23501.t1	sp|Q6L285|GADH_PICTO	27.762	353	219	9	899	1236	114	445	9.38e-34	134
Pver_g23505.t1	sp|Q04857|CO6A1_MOUSE	37.729	273	117	3	817	1036	283	555	8.77e-24	105
Pver_g23512.t3	sp|Q04857|CO6A1_MOUSE	48.515	101	49	1	255	352	274	374	7.00e-13	68.6
Pver_g23515.t1	sp|P10802|ODP2_AZOVI	50.866	635	267	9	919	1516	12	638	1.58e-173	532
Pver_g23548.t2	sp|P12109|CO6A1_HUMAN	27.879	165	95	7	548	702	606	756	4.58e-09	57.4
Pver_g23645.t1	sp|Q6L285|GADH_PICTO	33.886	422	269	3	19	433	16	434	4.26e-87	272
Pver_g23678.t1	sp|P06999|PFKB_ECOLI	31.034	261	174	5	29	285	4	262	3.58e-25	100
Pver_g23682.t1	sp|Q04857|CO6A1_MOUSE	44.762	105	55	1	49	150	270	374	4.54e-13	67.0
Pver_g23683.t1	sp|Q04857|CO6A1_MOUSE	46.667	105	53	1	28	129	270	374	5.01e-15	72.4
Pver_g23718.t1	sp|Q75Z89|5HT2A_BOVIN	21.714	350	203	8	255	538	47	391	3.57e-14	72.4
Pver_g23869.t1	sp|Q6L285|GADH_PICTO	24.922	321	208	11	29	329	136	443	2.52e-14	74.7
Pver_g23871.t1	sp|Q9HK01|GADH_THEAC	29.387	473	314	12	554	1016	6	468	1.68e-52	189
Pver_g23892.t1	sp|Q9HU53|GPMI_PSEAE	69.167	480	145	1	1	477	1	480	0.0	696
Pver_g23984.t1	sp|P0AD62|KPYK1_ECO57	71.398	472	133	2	185	656	1	470	0.0	674
Pver_g24032.t1	sp|P20707|ODO1_AZOVI	70.469	938	273	3	354	1289	1	936	0.0	1398
Pver_g24152.t2	sp|Q8R059|GALE_MOUSE	58.876	338	133	1	3	334	4	341	3.46e-145	420
Pver_g24177.t1	sp|P61889|MDH_ECOLI	26.298	289	163	14	184	451	1	260	2.21e-09	56.2
Pver_g24212.t1	sp|Q5PRA2|DHTK1_DANRE	68.373	332	103	1	1	330	588	919	4.20e-166	484
Pver_g24252.t2	sp|P09062|ODB2_PSEPU	31.527	203	125	2	1027	1215	198	400	4.25e-22	98.6
Pver_g24263.t1	sp|P09316|G3P_ZYMMO	39.169	337	183	9	128	460	5	323	1.65e-68	226
Pver_g24333.t1	sp|Q0VL87|PGK_ALCBS	74.677	387	97	1	450	836	1	386	0.0	591
Pver_g24497.t1	sp|D9TT10|PFKB_THETC	24.458	323	182	13	1	292	24	315	5.38e-11	62.0
Pver_g24514.t1	sp|Q1BYA7|GLK_BURO1	30.286	175	109	4	26	191	461	631	4.45e-10	58.9
Pver_g24535.t1	sp|E1VB09|PFP_HALED	68.373	332	104	1	1	332	1	331	1.16e-158	448
Pver_g24572.t1	sp|A0L003|G6PI_SHESA	54.653	505	229	0	492	996	38	542	0.0	596
Pver_g24606.t1	sp|Q9NJP9|GLPK_TRYBB	42.970	505	272	5	273	761	2	506	3.09e-133	411
Pver_g24706.t1	sp|Q8ZNW0|KPYK2_SALTY	58.515	458	188	2	146	602	5	461	1.18e-174	513
Pver_g24820.t2	sp|Q04857|CO6A1_MOUSE	51.020	49	24	0	3	51	439	487	3.68e-06	45.1
Pver_g24825.t1	sp|P12109|CO6A1_HUMAN	50.909	55	27	0	3	57	257	311	3.36e-09	53.5
Pver_g24874.t1	sp|Q9HIJ2|GPM_THEAC	36.364	77	43	3	1	71	1	77	8.08e-06	44.3
Pver_g24913.t2	sp|Q9X1I0|GLK_THEMA	25.658	304	213	5	437	732	3	301	1.70e-24	102
Pver_g25064.t1	sp|P51570|GALK1_HUMAN	42.896	366	193	6	47	405	34	390	1.19e-91	279
Pver_g25094.t1	sp|A1SWS5|TPIS_PSYIN	53.414	249	114	1	185	431	1	249	9.86e-92	275
Pver_g25188.t1	sp|P13706|GPDA_DROME	29.747	158	94	5	12	153	2	158	2.16e-14	66.6
Pver_g25229.t1	sp|P0AB73|ALF_SHIFL	73.973	146	35	2	4	146	3	148	1.75e-72	218
Pver_g25429.t1	sp|P27726|G3P_PSEAE	61.081	185	72	0	2	186	3	187	1.54e-82	245
Pver_g25610.t1	sp|Q9H9S5|FKRP_HUMAN	29.808	104	69	1	265	364	324	427	7.13e-09	55.1
Pver_g25631.t1	sp|P51570|GALK1_HUMAN	60.938	384	148	2	4	386	10	392	3.81e-173	486
Pver_g25703.t1	sp|P28223|5HT2A_HUMAN	22.520	373	243	13	272	608	35	397	1.96e-12	67.0
Pver_g25717.t1	sp|P50128|5HT2A_MACMU	30.526	95	65	1	41	134	80	174	1.00e-07	50.1
Pver_g25734.t2	sp|P14842|5HT2A_RAT	24.390	328	192	13	86	378	83	389	1.72e-07	51.2
Pver_g25753.t1	sp|Q75Z89|5HT2A_BOVIN	23.684	380	265	11	330	695	26	394	2.34e-11	63.9
Pver_g25777.t1	sp|P35363|5HT2A_MOUSE	22.507	351	245	10	45	374	83	427	1.85e-18	84.0
Pver_g25805.t1	sp|P18599|5HT2A_CRIGR	21.981	323	170	11	34	286	80	390	5.19e-08	53.9
Pver_g25846.t1	sp|O97562|UCP2_PIG	24.595	309	201	8	244	544	18	302	2.62e-12	65.9
Pver_g25865.t2	sp|P50128|5HT2A_MACMU	23.423	333	194	9	2506	2793	83	399	3.55e-15	78.6
Pver_g25869.t1	sp|Q75Z89|5HT2A_BOVIN	21.111	360	235	11	6	323	44	396	4.67e-09	55.1
Pver_g25873.t1	sp|P55851|UCP2_HUMAN	27.737	137	82	3	126	257	59	183	1.04e-09	55.8
Pver_g25899.t1	sp|P18599|5HT2A_CRIGR	24.198	343	194	16	53	344	78	405	2.78e-13	68.2
Pver_g25938.t1	sp|P06802|ENPP1_MOUSE	30.631	444	256	11	156	587	184	587	1.40e-55	200
Pver_g25971.t1	sp|P12109|CO6A1_HUMAN	25.245	408	223	19	1199	1571	615	975	8.21e-10	61.6
Pver_g25990.t1	sp|P53445|ALF1_LETCA	67.606	71	20	2	298	366	294	363	9.69e-24	98.6
Pver_g25997.t1	sp|P14842|5HT2A_RAT	28.916	332	192	10	22	321	74	393	4.51e-25	106
Pver_g26030.t1	sp|Q75Z89|5HT2A_BOVIN	25.316	158	112	5	35	189	82	236	6.48e-07	48.9
Pver_g26149.t2	sp|Q6L285|GADH_PICTO	23.381	278	182	10	352	620	46	301	2.18e-07	51.6
Pver_g26200.t1	sp|Q04857|CO6A1_MOUSE	43.284	67	38	0	157	223	307	373	9.50e-09	53.9
Pver_g26202.t1	sp|Q04857|CO6A1_MOUSE	52.830	53	25	0	175	227	435	487	2.93e-08	52.8
Pver_g26203.t1	sp|Q04857|CO6A1_MOUSE	51.923	52	25	0	208	259	436	487	6.40e-08	52.0
Pver_g26205.t1	sp|Q04857|CO6A1_MOUSE	34.821	224	110	4	203	399	271	485	4.08e-19	88.2
Pver_g26215.t3	sp|P50128|5HT2A_MACMU	20.619	388	241	13	326	662	31	402	2.06e-08	55.1
Pver_g26290.t1	sp|Q04857|CO6A1_MOUSE	26.667	195	114	9	740	924	613	788	1.75e-06	49.3
Pver_g26314.t1	sp|P14842|5HT2A_RAT	26.209	393	213	20	17	350	61	435	5.54e-20	89.0
Pver_g26316.t1	sp|Q75Z89|5HT2A_BOVIN	23.100	329	195	11	38	317	84	403	2.65e-09	55.8
Pver_g26329.t1	sp|Q10242|GNTK_SCHPO	33.333	180	97	4	3	180	16	174	1.63e-22	87.8
Pver_g26367.t2	sp|P50128|5HT2A_MACMU	23.795	332	186	14	727	1012	83	393	3.07e-09	59.3
Pver_g26368.t2	sp|P14842|5HT2A_RAT	29.286	140	91	4	450	587	83	216	2.37e-08	56.2
Pver_g26372.t2	sp|Q75Z89|5HT2A_BOVIN	23.367	398	242	17	41	392	86	466	4.60e-09	56.2
Pver_g26503.t1	sp|Q75Z89|5HT2A_BOVIN	26.332	319	186	12	301	577	79	390	1.95e-16	79.7
Pver_g26515.t2	sp|P12109|CO6A1_HUMAN	47.297	74	33	1	135	202	265	338	2.02e-08	53.5
Pver_g26516.t1	sp|Q04857|CO6A1_MOUSE	47.525	101	50	1	53	150	274	374	4.96e-15	72.8
Pver_g26517.t1	sp|Q04857|CO6A1_MOUSE	47.619	105	52	1	13	114	270	374	5.67e-14	71.2
Pver_g26520.t1	sp|Q04857|CO6A1_MOUSE	39.796	98	59	0	204	301	279	376	1.54e-12	65.9
Pver_g26521.t1	sp|Q04857|CO6A1_MOUSE	41.667	96	50	1	84	173	278	373	2.92e-11	58.9
Pver_g26634.t1	sp|Q75Z89|5HT2A_BOVIN	24.138	348	195	18	23	325	73	396	3.19e-10	58.5
Pver_g26733.t2	sp|Q04857|CO6A1_MOUSE	35.897	156	90	2	6	153	210	363	1.68e-13	70.1
Pver_novel_model_1_5de57afd	sp|Q75Z89|5HT2A_BOVIN	22.414	348	199	9	8	289	49	391	1.18e-14	71.2
Pver_novel_model_2_5de57afd	sp|P14842|5HT2A_RAT	22.419	339	195	12	32	315	79	404	3.79e-08	52.4
Pver_novel_model_9_5de57afd	sp|P50128|5HT2A_MACMU	23.780	328	195	14	34	315	80	398	2.97e-10	58.9
Pver_novel_model_14_5de57afd	sp|P50128|5HT2A_MACMU	24.202	376	199	17	9	321	51	403	1.68e-10	59.3
Pver_novel_model_23_5de57afd	sp|P18599|5HT2A_CRIGR	26.769	325	201	11	23	315	79	398	1.04e-20	90.1
Pver_novel_model_29_5de57afd	sp|P14842|5HT2A_RAT	26.984	126	85	3	30	152	89	210	1.37e-08	50.1
Pver_novel_model_34_5de57afd	sp|P50128|5HT2A_MACMU	21.154	364	236	11	35	353	80	437	1.30e-14	72.4
Pver_novel_model_54_5de57afd	sp|Q75Z89|5HT2A_BOVIN	24.377	361	199	13	2	297	50	401	1.77e-15	74.3
Pver_novel_model_63_5de57afd	sp|Q75Z89|5HT2A_BOVIN	24.551	334	198	8	8	297	67	390	3.55e-20	88.6
Pver_novel_model_73_5de57afd	sp|Q75Z89|5HT2A_BOVIN	23.030	330	194	9	43	332	83	392	4.91e-13	67.4
Pver_novel_model_74_5de57afd	sp|P18599|5HT2A_CRIGR	28.676	136	92	2	28	163	74	204	4.47e-09	55.1
Pver_novel_model_75_5de57afd	sp|P50128|5HT2A_MACMU	24.645	211	125	5	12	204	12	206	2.65e-08	53.1
Pver_novel_model_79_5de57afd	sp|P18599|5HT2A_CRIGR	22.554	368	225	9	15	374	73	388	7.78e-15	73.6
Pver_novel_model_84_5de57afd	sp|P50128|5HT2A_MACMU	28.615	325	209	6	33	336	78	400	1.41e-34	129
Pver_novel_model_85_5de57afd	sp|Q75Z89|5HT2A_BOVIN	25.843	178	117	4	48	214	78	251	2.56e-11	62.0
Pver_novel_model_96_5de57afd	sp|Q75Z89|5HT2A_BOVIN	25.305	328	198	13	27	313	71	392	6.31e-17	78.6
Pver_novel_model_99_5de57afd	sp|P18599|5HT2A_CRIGR	21.452	303	181	10	1	256	105	397	4.39e-11	60.1
Pver_novel_model_105_5de57afd	sp|P14842|5HT2A_RAT	22.006	359	241	10	12	341	84	432	3.01e-13	67.8
Pver_novel_model_106_5de57afd	sp|Q75Z89|5HT2A_BOVIN	24.691	324	196	11	31	318	81	392	4.48e-16	76.6
Pver_novel_model_107_5de57afd	sp|Q75Z89|5HT2A_BOVIN	23.894	339	212	9	23	327	77	403	5.19e-14	70.5
Pver_novel_model_125_5de57afd	sp|P14842|5HT2A_RAT	21.448	359	213	12	35	330	86	438	1.72e-08	53.1
Pver_novel_model_126_5de57afd	sp|Q01167|FOXK2_HUMAN	31.724	145	81	4	43	183	260	390	1.54e-12	62.8
Pver_novel_model_130_5de57afd	sp|Q75Z89|5HT2A_BOVIN	22.832	346	208	14	25	329	65	392	4.01e-13	67.4
Pver_novel_model_150_5de57afd	sp|Q75Z89|5HT2A_BOVIN	23.926	326	202	13	32	317	78	397	8.00e-14	69.3
Pver_novel_model_154_5de57afd	sp|P18599|5HT2A_CRIGR	26.241	141	103	1	29	168	82	222	2.03e-06	46.6
Pver_novel_model_160_5de57afd	sp|P14842|5HT2A_RAT	32.117	137	84	3	37	171	75	204	1.72e-08	52.8
Pver_novel_model_161_5de57afd	sp|Q75Z89|5HT2A_BOVIN	20.923	325	195	7	3	275	76	390	2.24e-06	46.2
Pver_novel_model_163_5de57afd	sp|Q75Z89|5HT2A_BOVIN	21.598	338	200	10	11	295	66	391	1.32e-10	59.7
Pver_novel_model_165_5de57afd	sp|P35363|5HT2A_MOUSE	24.924	329	218	9	25	330	82	404	5.88e-23	97.1
Pver_novel_model_175_5de57afd	sp|Q75Z89|5HT2A_BOVIN	24.011	379	224	14	2	332	36	398	1.53e-09	56.6
Pver_novel_model_176_5de57afd	sp|P35363|5HT2A_MOUSE	22.167	406	217	14	30	357	80	464	3.33e-11	61.6
Pver_novel_model_177_5de57afd	sp|Q75Z89|5HT2A_BOVIN	24.457	368	200	13	26	336	86	432	1.11e-15	75.5
Pver_novel_model_187_5de57afd	sp|Q75Z89|5HT2A_BOVIN	20.968	310	189	7	33	294	78	379	2.86e-06	46.2
Pver_novel_model_191_5de57afd	sp|P14842|5HT2A_RAT	23.308	133	96	3	23	154	79	206	8.30e-06	44.7
Pver_novel_model_194_5de57afd	sp|Q75Z89|5HT2A_BOVIN	22.727	330	172	12	21	281	88	403	1.26e-07	50.1
Pver_novel_model_195_5de57afd	sp|P28223|5HT2A_HUMAN	21.696	401	254	13	14	366	73	461	5.75e-14	70.5
Pver_novel_model_200_5de57afd	sp|P18599|5HT2A_CRIGR	25.000	144	100	3	40	182	73	209	1.09e-07	50.8
Pver_novel_model_203_5de57afd	sp|P14842|5HT2A_RAT	22.886	402	240	9	9	342	57	456	1.57e-14	71.6
Pver_novel_model_206_5de57afd	sp|Q75Z89|5HT2A_BOVIN	23.899	318	212	11	18	311	84	395	5.92e-16	75.9
Pver_novel_model_208_5de57afd	sp|P28223|5HT2A_HUMAN	25.484	310	172	14	29	282	92	398	5.74e-16	75.5
Pver_novel_model_214_5de57afd	sp|P35363|5HT2A_MOUSE	21.739	322	199	10	21	295	80	395	1.52e-09	56.2
Pver_novel_model_223_5de57afd	sp|Q75Z89|5HT2A_BOVIN	28.777	139	93	2	28	163	73	208	2.15e-06	46.2
Pver_novel_model_232_5de57afd	sp|P28223|5HT2A_HUMAN	21.257	334	217	9	32	339	80	393	6.82e-11	60.8
Pver_novel_model_252_5de57afd	sp|P14842|5HT2A_RAT	27.737	137	88	6	22	152	77	208	2.88e-07	49.3
Pver_novel_model_254_5de57afd	sp|P18599|5HT2A_CRIGR	22.291	323	201	10	15	290	86	405	4.99e-13	67.0
Pver_novel_model_268_5de57afd	sp|P18599|5HT2A_CRIGR	24.790	238	145	6	15	223	62	294	1.46e-09	56.2
Pver_novel_model_269_5de57afd	sp|P50128|5HT2A_MACMU	23.602	322	181	9	25	289	89	402	2.31e-11	61.6
Pver_novel_model_274_5de57afd	sp|P18599|5HT2A_CRIGR	23.977	342	198	9	19	310	78	407	3.42e-23	97.4
Pver_novel_model_277_5de57afd	sp|Q75Z89|5HT2A_BOVIN	27.795	331	155	7	24	285	77	392	2.72e-27	109
Pver_novel_model_278_5de57afd	sp|P50128|5HT2A_MACMU	27.559	254	126	5	13	208	140	393	1.34e-21	91.3
Pver_novel_model_281_5de57afd	sp|P35363|5HT2A_MOUSE	26.984	126	88	2	15	139	86	208	3.88e-06	45.1
Pver_novel_model_285_5de57afd	sp|P14842|5HT2A_RAT	26.586	331	201	7	35	336	84	401	1.23e-27	110
Pver_novel_model_288_5de57afd	sp|Q75Z89|5HT2A_BOVIN	22.289	332	217	11	27	333	84	399	1.74e-07	50.1
Pver_novel_model_289_5de57afd	sp|P14842|5HT2A_RAT	20.330	364	246	11	58	400	83	423	4.24e-10	58.9
Pver_novel_model_303_5de57afd	sp|Q75Z89|5HT2A_BOVIN	21.037	328	212	8	26	317	76	392	1.12e-15	75.5
Pver_novel_model_305_5de57afd	sp|Q75Z89|5HT2A_BOVIN	24.138	348	195	18	23	325	73	396	1.62e-10	59.7
Pver_novel_model_320_5de57afd	sp|P28223|5HT2A_HUMAN	29.499	339	162	10	31	306	83	407	5.10e-36	133
Pver_novel_model_321_5de57afd	sp|P28223|5HT2A_HUMAN	31.594	345	194	9	33	358	82	403	9.39e-43	153
Pver_novel_model_328_5de57afd	sp|P18599|5HT2A_CRIGR	28.431	102	67	3	37	136	77	174	1.94e-06	46.6
Pver_novel_model_341_5de57afd	sp|P14842|5HT2A_RAT	28.060	335	165	10	24	292	77	401	7.83e-35	130
Pver_novel_model_348_5de57afd	sp|P14842|5HT2A_RAT	24.625	333	210	11	32	330	82	407	1.80e-21	92.8
Pver_novel_model_349_5de57afd	sp|Q75Z89|5HT2A_BOVIN	24.545	330	207	9	33	329	83	403	2.68e-22	95.5
Pver_novel_model_350_5de57afd	sp|P18599|5HT2A_CRIGR	24.324	370	226	12	3	324	33	396	3.94e-21	92.0
Pver_novel_model_353_5de57afd	sp|P14842|5HT2A_RAT	21.472	326	195	15	32	311	81	391	7.88e-06	44.7
Pver_novel_model_355_5de57afd	sp|P18599|5HT2A_CRIGR	27.692	130	90	2	35	163	77	203	8.49e-08	50.8
Pver_novel_model_362_5de57afd	sp|Q75Z89|5HT2A_BOVIN	19.335	331	210	8	21	309	86	401	2.72e-11	61.6
Pver_novel_model_371_5de57afd	sp|P14842|5HT2A_RAT	27.554	323	193	9	22	308	86	403	1.25e-25	104
Pver_novel_model_377_5de57afd	sp|P14842|5HT2A_RAT	29.412	136	89	3	14	143	76	210	4.99e-12	63.5
Pver_novel_model_378_5de57afd	sp|Q75Z89|5HT2A_BOVIN	21.277	376	227	9	22	339	77	441	4.92e-12	63.9
Pver_novel_model_385_5de57afd	sp|P18599|5HT2A_CRIGR	20.856	374	251	9	25	353	86	459	9.53e-12	63.2
Pver_novel_model_386_5de57afd	sp|P14842|5HT2A_RAT	25.000	128	95	1	32	158	87	214	4.50e-08	51.6
Pver_novel_model_393_5de57afd	sp|P50128|5HT2A_MACMU	27.461	193	125	6	8	189	57	245	3.47e-10	58.5
Pver_novel_model_401_5de57afd	sp|Q75Z89|5HT2A_BOVIN	25.566	309	185	7	39	309	86	387	1.01e-13	69.3
Pver_novel_model_412_5de57afd	sp|Q75Z89|5HT2A_BOVIN	21.835	316	202	7	34	316	86	389	1.13e-15	75.5
Pver_novel_model_413_5de57afd	sp|P18599|5HT2A_CRIGR	22.549	306	193	8	39	301	86	390	1.33e-13	68.6
Pver_novel_model_416_5de57afd	sp|P28223|5HT2A_HUMAN	19.155	355	230	8	6	317	58	398	2.39e-13	68.2
Pver_novel_model_418_5de57afd	sp|Q75Z89|5HT2A_BOVIN	20.000	315	208	6	38	315	83	390	5.19e-13	67.8
Pver_novel_model_426_5de57afd	sp|Q75Z89|5HT2A_BOVIN	19.941	341	213	11	2	292	57	387	1.39e-08	53.5
Pver_novel_model_431_5de57afd	sp|P50128|5HT2A_MACMU	21.008	357	221	13	15	326	51	391	1.45e-06	47.0
Pver_novel_model_438_5de57afd	sp|Q75Z89|5HT2A_BOVIN	23.457	324	188	13	34	313	83	390	1.47e-15	75.5
Pver_novel_model_442_5de57afd	sp|P14842|5HT2A_RAT	26.984	126	84	3	31	156	83	200	6.56e-07	48.1
Pver_novel_model_460_5de57afd	sp|P14842|5HT2A_RAT	27.222	180	118	6	21	196	84	254	1.76e-09	55.8
Pver_novel_model_461_5de57afd	sp|P18599|5HT2A_CRIGR	23.846	390	236	10	38	369	85	471	1.13e-22	96.7
Pver_novel_model_480_5de57afd	sp|Q75Z89|5HT2A_BOVIN	24.924	329	197	9	19	304	79	400	1.57e-19	87.4
Pver_novel_model_482_5de57afd	sp|Q75Z89|5HT2A_BOVIN	19.104	335	224	9	4	295	63	393	8.69e-06	44.3
Pver_novel_model_497_5de57afd	sp|P18599|5HT2A_CRIGR	24.224	322	195	13	16	303	84	390	2.15e-11	62.4
Pver_novel_model_526_5de57afd	sp|P50128|5HT2A_MACMU	27.143	140	93	6	28	163	80	214	4.37e-06	45.4
Pver_novel_model_532_5de57afd	sp|Q75Z89|5HT2A_BOVIN	18.937	301	203	8	42	309	87	379	8.71e-10	57.4
Pver_novel_model_536_5de57afd	sp|Q75Z89|5HT2A_BOVIN	21.338	314	176	11	44	296	86	389	5.47e-08	51.6
Pver_novel_model_544_5de57afd	sp|Q75Z89|5HT2A_BOVIN	23.653	334	200	11	41	333	83	402	2.78e-15	73.9
Pver_novel_model_546_5de57afd	sp|Q75Z89|5HT2A_BOVIN	32.602	319	189	7	35	339	84	390	4.36e-43	154
Pver_novel_model_548_5de57afd	sp|Q75Z89|5HT2A_BOVIN	20.699	372	242	11	2	348	49	392	9.48e-08	50.8
Pver_novel_model_558_5de57afd	sp|P35363|5HT2A_MOUSE	23.188	345	195	10	44	331	77	408	8.65e-11	60.5
Pver_novel_model_559_5de57afd	sp|P50128|5HT2A_MACMU	20.561	321	196	10	21	288	77	391	1.57e-07	50.1
Pver_novel_model_560_5de57afd	sp|P50128|5HT2A_MACMU	26.524	328	185	15	22	308	79	391	2.47e-14	71.6
Pver_novel_model_563_5de57afd	sp|P14842|5HT2A_RAT	30.328	122	78	2	14	128	86	207	4.92e-12	61.2
Pver_novel_model_564_5de57afd	sp|P35363|5HT2A_MOUSE	29.839	124	77	4	16	130	86	208	3.92e-10	57.8
Pver_novel_model_568_5de57afd	sp|P18599|5HT2A_CRIGR	22.531	324	205	9	27	312	78	393	2.63e-13	67.8
Pver_novel_model_576_5de57afd	sp|Q75Z89|5HT2A_BOVIN	23.547	327	199	13	42	331	83	395	2.29e-14	71.6
Pver_novel_model_579_5de57afd	sp|Q75Z89|5HT2A_BOVIN	26.882	186	130	5	34	214	80	264	2.91e-07	49.7
Pver_novel_model_585_5de57afd	sp|P50128|5HT2A_MACMU	22.727	352	213	13	15	323	62	397	2.32e-10	59.3
Pver_novel_model_592_5de57afd	sp|P18599|5HT2A_CRIGR	21.519	316	186	11	38	305	89	390	5.14e-08	51.6
Pver_novel_model_593_5de57afd	sp|Q75Z89|5HT2A_BOVIN	21.068	337	198	13	27	318	83	396	1.99e-07	49.7
Pver_novel_model_619_5de57afd	sp|P35363|5HT2A_MOUSE	22.832	346	228	10	25	358	77	395	6.79e-19	85.5
Pver_novel_model_623_5de57afd	sp|P14842|5HT2A_RAT	24.847	326	178	9	31	294	89	409	6.78e-18	80.9
Pver_novel_model_630_5de57afd	sp|Q75Z89|5HT2A_BOVIN	33.594	128	80	3	16	141	82	206	2.80e-08	52.4
Pver_novel_model_636_5de57afd	sp|P14842|5HT2A_RAT	24.299	321	190	11	36	312	82	393	2.70e-13	68.6
Pver_novel_model_638_5de57afd	sp|P35363|5HT2A_MOUSE	23.988	346	204	11	23	316	77	415	4.14e-19	85.1
Pver_novel_model_639_5de57afd	sp|P42128|FOXK1_MOUSE	30.579	121	70	3	35	153	295	403	2.96e-09	53.1
Pver_novel_model_645_5de57afd	sp|P50128|5HT2A_MACMU	20.588	306	199	9	53	324	105	400	8.64e-12	63.9
Pver_novel_model_655_5de57afd	sp|Q75Z89|5HT2A_BOVIN	22.462	325	205	10	19	304	71	387	5.11e-10	57.8
Pver_novel_model_664_5de57afd	sp|P14842|5HT2A_RAT	33.594	128	78	4	39	162	82	206	8.33e-11	60.1
Pver_novel_model_670_5de57afd	sp|Q75Z89|5HT2A_BOVIN	20.528	341	208	11	1	295	69	392	4.91e-08	51.2
Pver_novel_model_673_5de57afd	sp|P18599|5HT2A_CRIGR	26.816	179	104	6	11	170	50	220	3.53e-07	49.7
Pver_novel_model_677_5de57afd	sp|Q75Z89|5HT2A_BOVIN	24.149	323	201	9	45	334	78	389	6.23e-12	64.3
Pver_novel_model_680_5de57afd	sp|Q75Z89|5HT2A_BOVIN	23.370	368	224	14	6	330	40	392	3.76e-15	74.3
Pver_novel_model_682_5de57afd	sp|P18599|5HT2A_CRIGR	25.424	177	112	5	2	162	37	209	9.12e-07	47.8
Pver_novel_model_685_5de57afd	sp|Q75Z89|5HT2A_BOVIN	21.222	311	193	7	37	297	82	390	9.09e-08	50.8
Pver_novel_model_692_5de57afd	sp|P50128|5HT2A_MACMU	23.926	326	167	16	2	263	77	385	6.11e-09	54.3
Pver_novel_model_699_5de57afd	sp|P12109|CO6A1_HUMAN	26.829	123	86	2	437	557	614	734	2.72e-07	52.0
Pver_novel_model_700_5de57afd	sp|P28223|5HT2A_HUMAN	26.113	337	204	9	28	325	78	408	6.77e-27	107
Pver_novel_model_712_5de57afd	sp|P50128|5HT2A_MACMU	23.123	333	210	7	46	341	72	395	5.92e-20	88.2
Pver_novel_model_714_5de57afd	sp|P50128|5HT2A_MACMU	26.250	320	182	10	32	303	89	402	4.30e-20	87.8
Pver_novel_model_715_5de57afd	sp|P18599|5HT2A_CRIGR	22.523	333	206	9	13	303	69	391	1.45e-14	72.4
Pver_novel_model_732_5de57afd	sp|Q75Z89|5HT2A_BOVIN	20.787	356	223	12	25	339	65	402	1.16e-13	69.3
Pver_novel_model_748_5de57afd	sp|P28223|5HT2A_HUMAN	22.164	379	224	11	9	323	22	393	4.46e-15	73.9
Pver_novel_model_759_5de57afd	sp|Q75Z89|5HT2A_BOVIN	24.201	219	140	7	2	202	35	245	6.95e-07	48.1
Pver_novel_model_782_5de57afd	sp|Q75Z89|5HT2A_BOVIN	21.615	384	211	13	22	338	70	430	7.82e-09	54.3
Pver_novel_model_783_5de57afd	sp|Q75Z89|5HT2A_BOVIN	21.944	319	202	12	37	320	83	389	1.89e-08	52.8
Pver_novel_model_784_5de57afd	sp|Q75Z89|5HT2A_BOVIN	28.846	208	120	9	40	236	86	276	1.53e-13	68.6
Pver_novel_model_790_5de57afd	sp|P14842|5HT2A_RAT	23.810	315	189	9	16	285	83	391	9.04e-11	60.1
Pver_novel_model_795_5de57afd	sp|P28223|5HT2A_HUMAN	18.667	300	219	4	39	314	91	389	1.75e-06	47.0
Pver_novel_model_818_5de57afd	sp|P50128|5HT2A_MACMU	19.817	328	193	8	23	291	79	395	2.04e-09	55.5
Pver_split_gene_g1622-g1622.t1-m68	sp|Q75Z89|5HT2A_BOVIN	23.209	349	199	14	18	322	73	396	2.81e-09	55.5
Pver_split_gene_g2106-g2106.t1-m89	sp|Q9UGI9|AAKG3_HUMAN	55.629	302	128	4	198	496	183	481	8.05e-114	343
