Pver_g47.t1	sp|Q6XHB2|ROCO4_DICDI	30.108	186	108	8	37	209	1027	1203	1.23e-09	57.4
Pver_g74.t1	sp|Q6XHB2|ROCO4_DICDI	32.472	271	153	11	468	717	1029	1290	5.37e-28	120
Pver_g138.t1	sp|Q6XHB2|ROCO4_DICDI	23.794	311	197	12	21	314	995	1282	1.03e-11	63.5
Pver_g161.t1	sp|O43920|NDUS5_HUMAN	36.508	63	40	0	12	74	32	94	2.64e-08	44.3
Pver_g186.t1	sp|Q8K3J1|NDUS8_MOUSE	75.000	204	51	0	4	207	9	212	7.33e-115	323
Pver_g188.t1	sp|Q8R1I1|QCR9_MOUSE	58.929	56	23	0	2	57	5	60	4.46e-21	75.1
Pver_g200.t1	sp|Q6XHB2|ROCO4_DICDI	29.388	245	144	14	79	306	1047	1279	4.60e-13	70.1
Pver_g207.t1	sp|Q6XHB2|ROCO4_DICDI	21.538	195	134	6	67	249	362	549	8.63e-06	44.3
Pver_g253.t1	sp|Q6XHB2|ROCO4_DICDI	29.167	168	105	7	233	393	1075	1235	7.65e-12	65.5
Pver_g316.t1	sp|Q6XHB2|ROCO4_DICDI	24.413	213	146	7	64	266	1026	1233	6.74e-10	58.5
Pver_g422.t1	sp|Q6XHB2|ROCO4_DICDI	35.294	85	51	1	100	180	280	364	1.90e-08	52.4
Pver_g487.t1	sp|Q6XHB2|ROCO4_DICDI	25.271	277	168	11	593	836	1021	1291	1.38e-14	75.5
Pver_g558.t1	sp|Q791V5|MTCH2_MOUSE	32.584	89	60	0	33	121	14	102	1.32e-12	60.8
Pver_g578.t1	sp|Q6XHB2|ROCO4_DICDI	25.000	132	85	5	10	132	372	498	1.16e-06	48.1
Pver_g605.t1	sp|P23709|NDUS3_BOVIN	70.833	216	59	2	52	266	52	264	3.14e-112	321
Pver_g624.t1	sp|Q6XHB2|ROCO4_DICDI	31.308	214	130	7	34	237	1027	1233	2.58e-17	82.0
Pver_g646.t1	sp|Q6XHB2|ROCO4_DICDI	28.169	213	131	9	59	258	1032	1235	8.76e-19	84.7
Pver_g655.t2	sp|Q6XHB2|ROCO4_DICDI	28.641	206	133	6	378	571	1030	1233	8.41e-16	79.3
Pver_g739.t1	sp|Q6XHB2|ROCO4_DICDI	24.254	268	167	12	38	282	1025	1279	2.72e-09	57.0
Pver_g773.t1	sp|P15690|NDUS1_BOVIN	67.847	678	191	4	13	668	8	680	0.0	965
Pver_g798.t1	sp|Q6XHB2|ROCO4_DICDI	27.982	218	133	9	14	218	1027	1233	2.39e-10	60.5
Pver_g829.t1	sp|Q6XHB2|ROCO4_DICDI	37.805	82	50	1	278	358	260	341	8.70e-07	50.4
Pver_g864.t1	sp|Q9D3D9|ATPD_MOUSE	53.846	130	59	1	32	160	38	167	1.20e-41	134
Pver_g867.t1	sp|P29410|KAD2_RAT	34.135	208	108	4	26	204	16	223	8.57e-31	110
Pver_g871.t1	sp|Q6XHB2|ROCO4_DICDI	26.007	273	161	10	12	250	1030	1295	2.03e-16	75.9
Pver_g934.t2	sp|Q6XHB2|ROCO4_DICDI	27.273	374	172	16	1783	2129	427	727	7.22e-19	91.7
Pver_g949.t2	sp|Q6XHB2|ROCO4_DICDI	26.254	339	186	14	687	1002	994	1291	1.13e-20	95.9
Pver_g987.t1	sp|Q6XHB2|ROCO4_DICDI	22.884	319	171	12	14	321	1025	1279	5.41e-14	73.6
Pver_g996.t1	sp|Q9VQ79|AIFM1_DROME	48.104	501	242	5	156	644	244	738	5.86e-170	500
Pver_g1019.t1	sp|Q52KK3|S2551_RAT	24.138	232	159	8	57	280	50	272	2.15e-09	54.7
Pver_g1020.t1	sp|P09622|DLDH_HUMAN	77.717	184	41	0	2	185	326	509	1.45e-105	309
Pver_g1032.t2	sp|Q6XHB2|ROCO4_DICDI	27.854	219	129	9	1122	1325	1029	1233	2.32e-14	76.3
Pver_g1045.t1	sp|Q6XHB2|ROCO4_DICDI	23.715	253	154	10	591	831	1070	1295	2.31e-14	74.7
Pver_g1096.t2	sp|Q6XHB2|ROCO4_DICDI	24.681	235	146	10	410	630	1078	1295	3.53e-11	65.5
Pver_g1123.t2	sp|Q6XHB2|ROCO4_DICDI	24.859	354	172	18	2747	3035	968	1292	1.32e-11	68.2
Pver_g1148.t1	sp|P29410|KAD2_RAT	23.423	222	123	8	360	564	16	207	4.67e-07	48.9
Pver_g1303.t1	sp|Q8BGD8|COA6_MOUSE	38.571	70	43	0	1	70	1	70	7.78e-16	63.2
Pver_g1327.t1	sp|Q6XHB2|ROCO4_DICDI	27.652	264	152	11	848	1078	1032	1289	1.19e-16	82.8
Pver_g1447.t1	sp|Q6XHB2|ROCO4_DICDI	24.549	277	153	12	26	274	1032	1280	2.43e-12	68.2
Pver_g1472.t1	sp|Q9H1U9|S2551_HUMAN	25.822	213	140	6	27	239	48	242	1.02e-08	52.8
Pver_g1525.t1	sp|Q6XHB2|ROCO4_DICDI	28.070	285	161	16	405	669	1032	1292	3.13e-13	70.5
Pver_g1526.t1	sp|Q6XHB2|ROCO4_DICDI	31.058	293	141	16	810	1073	1032	1292	8.17e-17	83.2
Pver_g1537.t1	sp|Q6XHB2|ROCO4_DICDI	32.456	228	124	8	5	223	1026	1232	1.24e-21	96.7
Pver_g1538.t1	sp|Q6XHB2|ROCO4_DICDI	29.452	292	162	12	5	277	1026	1292	4.40e-22	97.4
Pver_g1627.t1	sp|Q68FT1|COQ9_RAT	44.298	228	115	3	51	274	92	311	9.97e-66	205
Pver_g1683.t1	sp|Q6XHB2|ROCO4_DICDI	25.762	361	171	16	167	500	427	717	3.86e-13	72.0
Pver_g1709.t1	sp|Q6XHB2|ROCO4_DICDI	28.824	170	101	7	469	625	1130	1292	4.41e-13	70.1
Pver_g1736.t1	sp|Q6XHB2|ROCO4_DICDI	25.625	160	96	7	229	371	1032	1185	7.79e-07	48.9
Pver_g1776.t1	sp|Q6XHB2|ROCO4_DICDI	24.272	309	157	13	1561	1847	427	680	4.87e-12	68.9
Pver_g1777.t1	sp|Q6XHB2|ROCO4_DICDI	26.887	212	120	12	185	383	1103	1292	4.50e-11	62.0
Pver_g1818.t1	sp|Q6XHB2|ROCO4_DICDI	22.993	274	180	8	649	902	1030	1292	4.27e-14	73.9
Pver_g1885.t1	sp|Q9UJZ1|STML2_HUMAN	64.223	341	109	2	33	371	27	356	4.83e-146	416
Pver_g1904.t1	sp|Q6XHB2|ROCO4_DICDI	28.804	184	104	4	241	421	260	419	4.68e-10	62.0
Pver_g1927.t1	sp|Q6XHB2|ROCO4_DICDI	25.146	171	112	5	11	168	370	537	1.96e-09	53.9
Pver_g1937.t1	sp|Q5M9I5|QCR6_RAT	52.564	78	37	0	39	116	12	89	2.25e-19	73.6
Pver_g1953.t2	sp|P73735|NDBB_SYNY3	25.000	308	178	16	46	321	7	293	7.08e-12	63.5
Pver_g2079.t1	sp|Q52KK3|S2551_RAT	24.306	288	185	7	19	299	31	292	2.14e-12	63.5
Pver_g2108.t1	sp|P06576|ATPB_HUMAN	83.752	517	75	2	24	540	19	526	0.0	860
Pver_g2130.t1	sp|Q6XHB2|ROCO4_DICDI	30.000	230	117	13	204	418	1021	1221	2.06e-09	58.9
Pver_g2132.t2	sp|Q6XHB2|ROCO4_DICDI	28.821	229	121	12	172	386	1021	1221	2.90e-10	59.7
Pver_g2210.t1	sp|Q6XHB2|ROCO4_DICDI	29.333	300	179	10	515	797	1000	1283	1.62e-24	107
Pver_g2243.t1	sp|Q6XHB2|ROCO4_DICDI	33.036	112	47	5	19	128	259	344	9.01e-06	46.2
Pver_g2252.t1	sp|P29410|KAD2_RAT	27.000	200	113	5	1353	1522	7	203	6.97e-14	70.5
Pver_g2258.t1	sp|Q6XHB2|ROCO4_DICDI	32.362	309	178	11	13	300	994	1292	4.91e-31	129
Pver_g2313.t1	sp|Q6XHB2|ROCO4_DICDI	28.340	247	156	10	423	655	1030	1269	3.16e-14	73.6
Pver_g2352.t2	sp|Q5HZI9|S2551_MOUSE	20.796	226	163	6	14	239	33	242	5.08e-08	52.4
Pver_g2365.t1	sp|Q6XHB2|ROCO4_DICDI	30.539	167	99	6	757	910	1130	1292	3.94e-13	70.9
Pver_g2368.t1	sp|A1Z9J4|DJ1A_DROME	46.575	219	87	4	20	236	22	212	9.89e-59	182
Pver_g2420.t1	sp|Q6XHB2|ROCO4_DICDI	24.615	260	167	10	1455	1696	1031	1279	4.74e-10	62.0
Pver_g2421.t1	sp|Q6XHB2|ROCO4_DICDI	24.658	292	173	12	69	341	1030	1293	1.62e-11	62.8
Pver_g2429.t1	sp|Q6XHB2|ROCO4_DICDI	26.923	208	134	8	18	211	1076	1279	5.52e-15	76.3
Pver_g2462.t1	sp|Q6XHB2|ROCO4_DICDI	28.571	259	141	14	909	1148	1049	1282	1.32e-15	79.3
Pver_g2463.t1	sp|Q6XHB2|ROCO4_DICDI	30.502	259	138	14	993	1227	1052	1292	4.03e-18	88.2
Pver_g2543.t1	sp|Q6XHB2|ROCO4_DICDI	27.119	295	171	13	622	896	1021	1291	1.06e-17	85.9
Pver_g2544.t1	sp|Q6XHB2|ROCO4_DICDI	25.926	297	187	11	478	761	1017	1293	3.26e-22	100
Pver_g2545.t2	sp|Q6XHB2|ROCO4_DICDI	23.154	298	179	12	33	310	1025	1292	1.04e-10	63.5
Pver_g2553.t2	sp|P29410|KAD2_RAT	42.233	206	112	3	35	233	18	223	1.13e-54	173
Pver_g2612.t1	sp|Q6XHB2|ROCO4_DICDI	28.571	210	128	10	487	680	1030	1233	2.87e-10	61.2
Pver_g2732.t1	sp|Q6XHB2|ROCO4_DICDI	22.388	134	92	3	507	632	372	501	4.04e-06	47.4
Pver_g2813.t1	sp|O75323|NIPS2_HUMAN	50.973	257	124	1	28	282	30	286	3.37e-97	285
Pver_g2852.t1	sp|P24539|AT5F1_HUMAN	39.487	195	111	1	44	238	60	247	2.74e-41	139
Pver_g2949.t2	sp|Q6XHB2|ROCO4_DICDI	26.335	281	178	11	35	297	1024	1293	6.93e-18	86.7
Pver_g2976.t2	sp|Q6XHB2|ROCO4_DICDI	29.670	273	159	14	538	791	1028	1286	2.32e-20	96.3
Pver_g2989.t2	sp|Q9DCX2|ATP5H_MOUSE	31.250	144	99	0	1	144	1	144	9.49e-21	87.8
Pver_g3019.t1.1.5de5c9a2	sp|Q9H1U9|S2551_HUMAN	49.660	294	138	3	3	288	2	293	1.99e-99	291
Pver_g3034.t2	sp|Q6XHB2|ROCO4_DICDI	26.616	263	160	13	61	300	1032	1284	3.82e-06	48.1
Pver_g3036.t1	sp|Q6P6R2|DLDH_RAT	27.912	498	323	13	20	503	17	492	1.24e-42	156
Pver_g3058.t1	sp|Q6XHB2|ROCO4_DICDI	25.000	180	106	7	582	751	1132	1292	1.88e-06	49.3
Pver_g3059.t1	sp|Q6XHB2|ROCO4_DICDI	25.830	271	157	11	1016	1275	1058	1295	2.34e-14	75.9
Pver_g3060.t2	sp|Q6XHB2|ROCO4_DICDI	26.337	243	129	13	574	798	1082	1292	8.59e-10	60.1
Pver_g3061.t2	sp|Q6XHB2|ROCO4_DICDI	25.664	226	147	6	606	825	1082	1292	3.70e-11	64.7
Pver_g3101.t1	sp|Q6XHB2|ROCO4_DICDI	27.419	124	78	5	10	125	372	491	1.40e-06	45.4
Pver_g3123.t1	sp|Q8WV93|AFG1L_HUMAN	36.534	427	246	8	27	442	60	472	4.70e-80	257
Pver_g3128.t1	sp|Q6XHB2|ROCO4_DICDI	29.204	226	130	11	215	420	1021	1236	8.93e-15	75.5
Pver_g3133.t1	sp|P97478|COQ7_MOUSE	62.766	188	67	2	11	198	33	217	4.92e-82	240
Pver_g3142.t1	sp|Q54UT2|DGK_DICDI	44.860	214	108	1	33	236	5	218	1.25e-64	203
Pver_g3261.t2	sp|Q6XHB2|ROCO4_DICDI	27.381	252	166	7	506	744	1032	1279	2.88e-18	87.4
Pver_g3305.t1	sp|Q6XHB2|ROCO4_DICDI	28.743	167	90	7	286	439	1032	1182	3.99e-09	56.6
Pver_g3345.t1	sp|B0VYY5|COX5A_NOTPR	53.378	148	53	3	3	136	8	153	2.20e-48	150
Pver_g3413.t1	sp|Q6XHB2|ROCO4_DICDI	20.478	293	149	10	657	913	416	660	1.99e-09	59.3
Pver_g3414.t2	sp|Q6XHB2|ROCO4_DICDI	29.762	168	101	6	1099	1254	1130	1292	3.38e-13	71.6
Pver_g3415.t2	sp|Q6XHB2|ROCO4_DICDI	26.627	169	107	5	955	1110	1128	1292	3.00e-09	58.5
Pver_g3488.t1	sp|Q6XHB2|ROCO4_DICDI	27.570	214	132	10	94	294	1032	1235	1.57e-12	66.6
Pver_g3533.t2	sp|Q6XHB2|ROCO4_DICDI	25.312	320	145	14	195	486	427	680	6.79e-17	83.2
Pver_g3558.t1	sp|Q6XHB2|ROCO4_DICDI	27.599	279	161	13	419	679	1034	1289	9.06e-21	95.1
Pver_g3614.t1	sp|Q6XHB2|ROCO4_DICDI	27.551	294	169	15	1510	1787	1024	1289	1.89e-18	89.7
Pver_g3645.t1	sp|Q6XHB2|ROCO4_DICDI	29.302	215	129	10	13	212	1027	1233	8.91e-17	80.9
Pver_g3687.t1	sp|Q6XHB2|ROCO4_DICDI	24.915	293	166	9	592	880	171	413	1.35e-07	53.5
Pver_g3830.t1	sp|Q6XHB2|ROCO4_DICDI	26.316	209	133	7	656	847	1029	1233	5.11e-15	79.3
Pver_g3869.t1	sp|Q6XHB2|ROCO4_DICDI	26.339	224	141	10	11	223	1023	1233	2.00e-11	62.4
Pver_g3885.t1	sp|Q6XHB2|ROCO4_DICDI	24.706	255	164	9	580	828	1059	1291	1.68e-16	82.4
Pver_g3890.t2	sp|Q6XHB2|ROCO4_DICDI	26.446	121	75	3	646	766	1025	1131	5.38e-06	47.8
Pver_g3953.t1	sp|Q6XHB2|ROCO4_DICDI	26.941	219	130	11	3685	3894	1085	1282	7.63e-07	53.1
Pver_g3981.t1	sp|Q52KK3|S2551_RAT	24.066	241	166	9	87	320	68	298	8.65e-09	53.1
Pver_g4041.t1	sp|Q6XHB2|ROCO4_DICDI	24.762	315	177	17	202	497	1019	1292	2.16e-14	73.6
Pver_g4048.t1	sp|Q6XHB2|ROCO4_DICDI	24.762	210	138	7	8	203	1030	1233	5.75e-10	57.4
Pver_g4142.t1	sp|Q6XHB2|ROCO4_DICDI	25.547	274	174	11	78	331	1026	1289	3.56e-17	81.3
Pver_g4180.t1	sp|Q6XHB2|ROCO4_DICDI	27.273	253	137	11	234	459	428	660	2.39e-12	67.8
Pver_g4217.t1	sp|Q6XHB2|ROCO4_DICDI	25.468	267	161	13	983	1230	1032	1279	1.17e-09	60.1
Pver_g4259.t1	sp|Q6XHB2|ROCO4_DICDI	29.630	297	159	14	774	1049	1025	1292	4.15e-22	100
Pver_g4260.t1	sp|Q6XHB2|ROCO4_DICDI	34.007	297	147	17	881	1157	1025	1292	1.87e-24	108
Pver_g4307.t1	sp|Q52KK3|S2551_RAT	24.118	170	120	5	124	292	31	192	2.82e-06	45.1
Pver_g4332.t1	sp|Q6XHB2|ROCO4_DICDI	24.735	283	177	10	486	751	1031	1294	7.01e-17	82.8
Pver_g4336.t1	sp|Q6XHB2|ROCO4_DICDI	35.849	106	57	5	91	192	1150	1248	2.21e-09	58.5
Pver_g4372.t1	sp|Q6XHB2|ROCO4_DICDI	30.151	199	102	9	518	702	1007	1182	1.09e-10	62.4
Pver_g4376.t1	sp|Q6XHB2|ROCO4_DICDI	25.758	264	173	10	229	474	1030	1288	1.57e-12	69.7
Pver_g4415.t1	sp|Q6XHB2|ROCO4_DICDI	26.636	214	136	8	3	202	1027	1233	1.09e-12	65.9
Pver_g4508.t1	sp|Q6XHB2|ROCO4_DICDI	25.413	303	168	14	1741	2016	1021	1292	1.08e-14	77.4
Pver_g4509.t2	sp|Q6XHB2|ROCO4_DICDI	30.994	171	86	10	30	186	1030	1182	8.88e-08	50.1
Pver_g4510.t1	sp|Q6XHB2|ROCO4_DICDI	29.514	288	161	16	484	752	1030	1294	6.61e-20	92.4
Pver_g4511.t2	sp|Q6XHB2|ROCO4_DICDI	28.239	301	149	12	472	720	1007	1292	7.54e-20	92.4
Pver_g4536.t1	sp|Q6XHB2|ROCO4_DICDI	25.806	279	185	10	1936	2201	993	1262	5.99e-19	92.0
Pver_g4607.t2	sp|Q6XHB2|ROCO4_DICDI	27.931	290	168	15	725	996	1026	1292	3.16e-16	81.3
Pver_g4664.t1	sp|Q6XHB2|ROCO4_DICDI	28.417	278	150	15	635	890	1030	1280	5.66e-20	93.2
Pver_g4687.t1	sp|Q6XHB2|ROCO4_DICDI	26.540	211	138	8	26	222	1032	1239	1.76e-11	62.4
Pver_g4696.t1	sp|Q6XHB2|ROCO4_DICDI	30.178	169	105	7	281	437	1124	1291	1.38e-14	76.6
Pver_g4701.t1	sp|P15690|NDUS1_BOVIN	69.944	712	208	3	42	752	8	714	0.0	1053
Pver_g4721.t3	sp|Q6XHB2|ROCO4_DICDI	27.570	214	132	10	545	745	1032	1235	5.37e-12	67.0
Pver_g4799.t1	sp|O35943|FRDA_MOUSE	48.077	156	75	2	34	183	49	204	1.76e-49	157
Pver_g4805.t1	sp|Q6XHB2|ROCO4_DICDI	30.159	126	72	5	148	267	1165	1280	6.10e-07	48.9
Pver_g4817.t1	sp|Q6XHB2|ROCO4_DICDI	36.145	83	52	1	380	461	259	341	2.20e-08	54.3
Pver_g4828.t1	sp|Q6XHB2|ROCO4_DICDI	26.339	224	143	8	38	252	1032	1242	1.13e-08	55.5
Pver_g4903.t1	sp|Q6XHB2|ROCO4_DICDI	23.891	293	168	14	10	284	1032	1287	7.18e-08	53.1
Pver_g4916.t2	sp|Q9CPP6|NDUA5_MOUSE	58.333	108	45	0	14	121	8	115	1.55e-40	128
Pver_g5064.t1	sp|Q6XHB2|ROCO4_DICDI	25.688	218	136	11	9	209	1027	1235	2.73e-11	63.2
Pver_g5076.t2	sp|Q6XHB2|ROCO4_DICDI	25.287	261	166	9	500	754	1058	1295	6.02e-17	83.6
Pver_g5077.t2	sp|Q6XHB2|ROCO4_DICDI	25.389	193	122	7	171	355	1058	1236	3.57e-10	58.9
Pver_g5096.t1	sp|Q6XHB2|ROCO4_DICDI	31.153	321	183	14	474	771	987	1292	6.93e-26	112
Pver_g5147.t1	sp|Q6XHB2|ROCO4_DICDI	27.232	224	132	12	13	219	1032	1241	1.02e-10	60.1
Pver_g5148.t1	sp|Q6XHB2|ROCO4_DICDI	28.111	217	131	9	8	209	1027	1233	3.29e-13	68.9
Pver_g5173.t1	sp|Q6XHB2|ROCO4_DICDI	23.448	290	195	9	39	308	997	1279	1.13e-13	71.6
Pver_g5194.t1	sp|Q6XHB2|ROCO4_DICDI	26.568	271	165	8	470	709	1025	1292	7.02e-19	89.0
Pver_g5195.t1	sp|Q6XHB2|ROCO4_DICDI	26.316	285	172	10	241	494	1012	1289	5.98e-15	75.1
Pver_g5196.t1	sp|Q6XHB2|ROCO4_DICDI	26.866	268	159	12	1490	1726	1032	1293	5.22e-15	78.2
Pver_g5198.t1	sp|Q6XHB2|ROCO4_DICDI	25.379	264	162	9	376	608	1032	1291	1.02e-12	68.6
Pver_g5199.t1	sp|Q6XHB2|ROCO4_DICDI	26.515	264	159	8	98	330	1030	1289	1.16e-14	72.4
Pver_g5211.t2	sp|Q6XHB2|ROCO4_DICDI	30.952	168	99	8	906	1061	1130	1292	1.27e-13	72.8
Pver_g5221.t1	sp|Q6XHB2|ROCO4_DICDI	30.903	288	172	12	182	446	1009	1292	3.03e-28	115
Pver_g5338.t1	sp|Q6QLW4|CYC_PECGU	85.185	108	16	0	18	125	1	108	3.50e-68	198
Pver_g5352.t1	sp|Q9UJZ1|STML2_HUMAN	32.161	199	128	3	40	233	41	237	4.39e-28	107
Pver_g5353.t1	sp|Q9UJZ1|STML2_HUMAN	32.984	191	118	3	48	233	52	237	2.55e-29	110
Pver_g5358.t1	sp|Q4FZT0|STML2_RAT	32.328	232	139	7	9	231	15	237	5.57e-27	104
Pver_g5361.t1	sp|Q6XHB2|ROCO4_DICDI	26.818	220	136	8	114	318	1024	1233	9.28e-10	57.4
Pver_g5364.t1	sp|Q6XHB2|ROCO4_DICDI	27.407	270	155	11	867	1102	1029	1291	1.21e-15	79.3
Pver_g5367.t2	sp|Q6XHB2|ROCO4_DICDI	27.500	160	98	8	994	1141	1136	1289	8.91e-11	63.5
Pver_g5373.t1	sp|Q6XHB2|ROCO4_DICDI	26.592	267	157	10	318	551	1032	1292	2.93e-15	76.6
Pver_g5415.t1	sp|Q6XHB2|ROCO4_DICDI	24.490	147	81	6	750	867	1147	1292	1.44e-07	52.8
Pver_g5416.t1	sp|Q6XHB2|ROCO4_DICDI	27.347	245	140	13	12	243	1073	1292	4.35e-15	72.4
Pver_g5482.t1	sp|P21913|SDHB_RAT	75.177	282	65	3	2	282	3	280	2.24e-158	439
Pver_g5524.t2	sp|Q6XHB2|ROCO4_DICDI	24.521	261	148	6	577	836	1080	1292	1.05e-12	70.9
Pver_g5565.t2	sp|O00483|NDUA4_HUMAN	48.052	77	38	2	71	146	6	81	9.28e-20	75.5
Pver_g5566.t1	sp|O00483|NDUA4_HUMAN	46.774	62	32	1	2	63	5	65	1.87e-18	69.7
Pver_g5574.t1	sp|Q0MQB1|NDUA8_PANTR	52.586	116	54	1	26	140	1	116	5.23e-41	132
Pver_g5718.t2	sp|Q6XHB2|ROCO4_DICDI	26.038	265	172	9	191	437	1025	1283	7.26e-20	92.0
Pver_g5743.t1	sp|Q6XHB2|ROCO4_DICDI	24.167	360	193	16	1249	1587	992	1292	5.32e-13	71.6
Pver_g5747.t1	sp|Q6XHB2|ROCO4_DICDI	27.097	155	95	5	19	158	1031	1182	3.59e-09	54.3
Pver_g5785.t1	sp|Q6XHB2|ROCO4_DICDI	26.923	234	150	10	67	284	1002	1230	1.28e-11	62.4
Pver_g5857.t1	sp|Q6XHB2|ROCO4_DICDI	26.393	341	199	13	187	499	976	1292	7.25e-20	90.9
Pver_g5867.t1	sp|P19536|COX5B_MOUSE	45.098	102	54	2	33	133	21	121	7.19e-25	90.1
Pver_g5869.t1	sp|Q6XHB2|ROCO4_DICDI	28.261	276	157	11	253	501	1031	1292	5.64e-19	88.2
Pver_g5870.t1	sp|Q6XHB2|ROCO4_DICDI	28.897	263	159	11	255	496	1030	1285	7.59e-20	90.9
Pver_g5957.t1	sp|Q6XHB2|ROCO4_DICDI	29.245	212	126	9	11354	11548	1029	1233	5.18e-12	71.6
Pver_g6038.t1	sp|Q6XHB2|ROCO4_DICDI	25.952	289	175	12	24	291	1024	1294	7.92e-15	75.1
Pver_g6039.t1	sp|Q6XHB2|ROCO4_DICDI	28.517	263	162	12	60	306	1027	1279	8.70e-18	81.6
Pver_g6223.t1	sp|Q6XHB2|ROCO4_DICDI	27.753	227	141	8	604	823	1082	1292	5.62e-12	67.4
Pver_g6224.t1	sp|Q6XHB2|ROCO4_DICDI	25.571	219	144	7	620	832	1082	1287	1.34e-09	59.7
Pver_g6242.t2	sp|Q6XHB2|ROCO4_DICDI	25.806	248	128	14	779	1010	1030	1237	4.39e-12	68.2
Pver_g6244.t1	sp|Q6XHB2|ROCO4_DICDI	26.210	248	127	14	754	985	1030	1237	2.21e-12	68.9
Pver_g6293.t2	sp|Q6XHB2|ROCO4_DICDI	28.289	152	97	4	305	451	1150	1294	1.83e-11	63.5
Pver_g6311.t1	sp|Q9CXV1|DHSD_MOUSE	45.806	155	76	3	9	160	10	159	1.12e-42	137
Pver_g6312.t1	sp|Q99643|C560_HUMAN	46.104	154	79	2	2	155	3	152	3.78e-41	134
Pver_g6339.t1	sp|Q6XHB2|ROCO4_DICDI	23.183	289	171	10	77	340	1031	1293	4.43e-11	61.6
Pver_g6397.t1	sp|Q6XHB2|ROCO4_DICDI	24.227	194	134	6	1547	1731	372	561	1.52e-06	50.4
Pver_g6403.t1	sp|Q6XHB2|ROCO4_DICDI	33.036	112	53	5	276	380	1088	1184	4.12e-07	49.7
Pver_g6414.t1	sp|Q6XHB2|ROCO4_DICDI	27.624	181	112	7	926	1093	1029	1203	4.75e-09	58.2
Pver_g6426.t1	sp|Q6XHB2|ROCO4_DICDI	27.119	118	75	4	37	149	1129	1240	6.67e-06	45.8
Pver_g6461.t1	sp|Q6XHB2|ROCO4_DICDI	26.446	121	75	3	368	488	1025	1131	3.75e-06	47.8
Pver_g6487.t1	sp|Q6XHB2|ROCO4_DICDI	39.583	96	54	2	539	633	260	352	2.30e-07	52.8
Pver_g6519.t1	sp|Q6XHB2|ROCO4_DICDI	26.512	215	129	9	626	827	1030	1228	1.44e-09	60.1
Pver_g6548.t1	sp|Q6XHB2|ROCO4_DICDI	24.268	239	143	9	3	231	1077	1287	6.61e-11	61.6
Pver_g6681.t1	sp|Q6XHB2|ROCO4_DICDI	24.138	261	172	13	798	1045	1032	1279	9.70e-08	53.5
Pver_g6684.t1	sp|Q6XHB2|ROCO4_DICDI	22.581	217	149	6	781	992	1081	1283	1.62e-06	49.3
Pver_g6685.t1	sp|Q6XHB2|ROCO4_DICDI	26.923	286	169	14	513	780	1032	1295	5.85e-14	73.6
Pver_g6686.t1	sp|Q6XHB2|ROCO4_DICDI	26.923	286	169	14	351	618	1032	1295	6.08e-14	72.8
Pver_g6753.t1	sp|F1N206|DLDH_BOVIN	70.934	289	74	4	347	633	33	313	4.34e-137	408
Pver_g6761.t1	sp|Q8WV93|AFG1L_HUMAN	54.699	415	171	6	53	464	74	474	4.31e-155	447
Pver_g6765.t1	sp|Q6XHB2|ROCO4_DICDI	27.174	276	167	14	987	1244	1028	1287	1.02e-09	60.5
Pver_g6824.t1	sp|Q6XHB2|ROCO4_DICDI	26.857	175	94	5	16	188	257	399	2.73e-09	55.1
Pver_g6900.t1	sp|Q6XHB2|ROCO4_DICDI	27.667	553	307	21	930	1460	281	762	8.00e-39	157
Pver_g6919.t1	sp|Q52KK3|S2551_RAT	23.977	171	123	4	68	233	73	241	3.48e-06	44.7
Pver_g6931.t1	sp|P42026|NDUS7_BOVIN	83.436	163	27	0	49	211	54	216	8.88e-106	301
Pver_g6951.t2	sp|Q6XHB2|ROCO4_DICDI	28.000	225	123	12	721	929	1032	1233	8.66e-12	67.0
Pver_g6952.t1	sp|Q6XHB2|ROCO4_DICDI	25.000	332	176	12	487	805	1021	1292	2.39e-16	81.3
Pver_g6958.t2	sp|Q6XHB2|ROCO4_DICDI	24.710	259	154	13	935	1174	1028	1264	9.24e-10	60.8
Pver_g7038.t1	sp|Q9DB20|ATPO_MOUSE	46.734	199	105	1	19	217	14	211	5.24e-63	192
Pver_g7150.t2	sp|Q6XHB2|ROCO4_DICDI	30.137	219	129	10	451	652	1031	1242	1.31e-18	88.6
Pver_g7164.t1	sp|P29410|KAD2_RAT	22.374	219	126	4	1469	1686	58	233	6.22e-13	68.2
Pver_g7192.t1	sp|Q6XHB2|ROCO4_DICDI	28.135	327	169	16	516	807	992	1287	2.29e-20	94.4
Pver_g7229.t1	sp|Q96KJ9|COX42_HUMAN	33.613	119	77	1	27	143	42	160	4.09e-17	71.2
Pver_g7328.t1	sp|Q6XHB2|ROCO4_DICDI	30.182	275	147	16	8	254	1030	1287	2.81e-14	75.5
Pver_g7361.t1	sp|Q6XHB2|ROCO4_DICDI	31.142	289	165	14	420	689	1021	1294	6.37e-25	108
Pver_g7417.t1.1.5de5ca19	sp|Q6XHB2|ROCO4_DICDI	21.348	267	184	9	9	259	1030	1286	1.76e-10	60.5
Pver_g7431.t1	sp|Q6XHB2|ROCO4_DICDI	25.217	230	146	9	1098	1311	1070	1289	3.35e-12	68.6
Pver_g7432.t1	sp|Q6XHB2|ROCO4_DICDI	27.442	215	132	8	753	953	1085	1289	8.96e-15	76.3
Pver_g7481.t1	sp|Q6XHB2|ROCO4_DICDI	28.696	230	127	10	76	286	1030	1241	1.15e-10	63.5
Pver_g7580.t1	sp|Q9VQ79|AIFM1_DROME	29.076	368	218	9	215	543	257	620	2.40e-29	120
Pver_g7581.t1	sp|O13082|COX6A_CYPCA	45.070	71	36	2	22	90	4	73	1.21e-16	68.2
Pver_g7622.t1	sp|P29410|KAD2_RAT	30.000	230	127	5	335	533	1	227	2.50e-25	103
Pver_g7673.t1	sp|Q6XHB2|ROCO4_DICDI	26.106	226	134	10	351	559	1025	1234	1.76e-09	58.5
Pver_g7718.t1	sp|Q52KK3|S2551_RAT	24.380	242	163	9	48	283	52	279	1.72e-10	58.2
Pver_g7762.t1	sp|Q6XHB2|ROCO4_DICDI	27.473	273	165	11	5	255	1027	1288	9.13e-16	79.0
Pver_g7767.t1	sp|Q6XHB2|ROCO4_DICDI	26.990	289	188	11	501	779	1017	1292	4.11e-19	91.3
Pver_g7798.t1	sp|Q6XHB2|ROCO4_DICDI	28.625	269	144	16	1076	1322	1049	1291	1.16e-11	67.0
Pver_g7800.t1	sp|Q3MHE4|MSH2_BOVIN	25.430	755	465	28	123	842	160	851	1.12e-44	171
Pver_g7819.t1	sp|Q6XHB2|ROCO4_DICDI	27.778	162	100	6	987	1136	1136	1292	1.24e-11	66.2
Pver_g7823.t1	sp|Q6XHB2|ROCO4_DICDI	27.760	317	169	11	76	375	1015	1288	3.00e-20	93.6
Pver_g7836.t1	sp|Q6XHB2|ROCO4_DICDI	26.786	280	163	12	692	948	1032	1292	2.80e-12	68.2
Pver_g7837.t1	sp|Q6XHB2|ROCO4_DICDI	30.584	291	164	15	710	983	1023	1292	3.08e-18	87.8
Pver_g7919.t1	sp|P56556|NDUA6_HUMAN	57.480	127	52	1	1	125	1	127	1.28e-49	152
Pver_g7974.t1	sp|Q6XHB2|ROCO4_DICDI	24.615	260	170	11	27	270	1030	1279	1.08e-09	57.8
Pver_g8039.t1	sp|Q6XHB2|ROCO4_DICDI	37.349	83	51	1	133	214	259	341	3.33e-07	51.2
Pver_g8154.t1	sp|Q641Y2|NDUS2_RAT	81.384	419	71	2	54	466	46	463	0.0	725
Pver_g8276.t1	sp|Q6XHB2|ROCO4_DICDI	25.962	208	109	9	86	264	1050	1241	2.79e-07	50.4
Pver_g8292.t1	sp|Q6XHB2|ROCO4_DICDI	26.644	289	172	12	169	434	1021	1292	7.99e-21	93.6
Pver_g8297.t1	sp|Q6XHB2|ROCO4_DICDI	27.113	284	163	15	510	772	1032	1292	1.03e-16	82.4
Pver_g8324.t1	sp|Q52KK3|S2551_RAT	20.896	268	180	10	32	293	9	250	1.04e-06	47.0
Pver_g8401.t1	sp|Q6XHB2|ROCO4_DICDI	24.430	307	145	15	44	292	1017	1294	9.10e-14	68.9
Pver_g8451.t1	sp|Q6XHB2|ROCO4_DICDI	31.970	269	146	15	719	970	1032	1280	2.45e-17	85.5
Pver_g8460.t1	sp|Q6XHB2|ROCO4_DICDI	28.800	125	76	5	22	138	372	491	5.63e-09	52.8
Pver_g8485.t1	sp|Q9LSQ2|PP239_ARATH	23.757	181	128	3	191	371	440	610	1.42e-11	64.7
Pver_g8564.t2	sp|Q6XHB2|ROCO4_DICDI	31.438	299	159	12	1294	1574	1024	1294	1.47e-25	112
Pver_g8565.t1	sp|Q6XHB2|ROCO4_DICDI	28.904	301	166	15	423	701	1015	1289	1.84e-18	87.8
Pver_g8575.t1	sp|Q6XHB2|ROCO4_DICDI	26.070	257	167	11	34	273	1030	1280	5.34e-12	67.4
Pver_g8594.t2	sp|Q6XHB2|ROCO4_DICDI	27.703	296	150	9	559	825	1032	1292	1.20e-23	105
Pver_g8721.t2	sp|Q6XHB2|ROCO4_DICDI	25.688	218	127	11	402	603	1031	1229	1.17e-10	63.9
Pver_g8724.t2	sp|Q6XHB2|ROCO4_DICDI	23.963	217	133	10	1045	1247	1031	1229	3.26e-08	55.8
Pver_g8804.t2	sp|Q6XHB2|ROCO4_DICDI	26.950	282	140	11	678	907	1025	1292	9.30e-18	86.3
Pver_g8878.t1	sp|Q52KK3|S2551_RAT	26.846	298	180	13	47	340	30	293	7.01e-09	53.5
Pver_g8883.t1	sp|Q6XHB2|ROCO4_DICDI	27.230	213	118	10	1406	1602	1024	1215	2.95e-07	52.8
Pver_g8884.t1	sp|Q6XHB2|ROCO4_DICDI	27.374	179	99	8	632	794	1024	1187	2.91e-07	51.6
Pver_g8888.t1	sp|Q6XHB2|ROCO4_DICDI	23.973	292	161	11	663	924	1032	1292	4.68e-16	80.5
Pver_g8892.t1	sp|Q6XHB2|ROCO4_DICDI	25.180	139	85	3	52	179	371	501	5.79e-07	47.8
Pver_g8911.t1.1.5de5ca41	sp|Q6XHB2|ROCO4_DICDI	34.694	98	64	0	50	147	260	357	4.59e-10	59.7
Pver_g8915.t1	sp|Q6XHB2|ROCO4_DICDI	25.952	289	163	14	358	623	1032	1292	6.70e-15	76.6
Pver_g9001.t2	sp|Q6XHB2|ROCO4_DICDI	26.697	221	137	9	16	226	1031	1236	1.51e-12	68.9
Pver_g9025.t1	sp|Q52KK3|S2551_RAT	24.255	235	157	8	69	296	73	293	1.00e-08	52.8
Pver_g9087.t1	sp|Q7ZVF3|SDHA_DANRE	77.129	634	144	1	30	663	29	661	0.0	1014
Pver_g9097.t2	sp|Q6XHB2|ROCO4_DICDI	45.455	66	36	0	79	144	279	344	1.04e-06	49.3
Pver_g9167.t1	sp|Q5HZI9|S2551_MOUSE	22.845	232	158	6	5	235	32	243	1.32e-14	70.1
Pver_g9173.t1	sp|Q6XHB2|ROCO4_DICDI	27.439	164	99	7	437	587	1136	1292	4.46e-11	63.5
Pver_g9205.t2	sp|Q6XHB2|ROCO4_DICDI	29.225	284	174	12	355	624	1021	1291	7.66e-24	108
Pver_g9210.t1	sp|Q6XHB2|ROCO4_DICDI	26.866	134	89	5	99	226	1103	1233	6.76e-09	54.7
Pver_g9219.t1	sp|Q6XHB2|ROCO4_DICDI	26.259	278	157	11	10	259	1030	1287	1.02e-17	85.5
Pver_g9233.t2	sp|Q6XHB2|ROCO4_DICDI	26.667	285	166	13	558	822	1028	1289	5.82e-17	83.6
Pver_g9247.t1	sp|Q6CFT7|ATPB_YARLI	25.481	416	278	11	45	448	52	447	5.04e-29	117
Pver_g9285.t2	sp|Q6XHB2|ROCO4_DICDI	25.092	271	154	16	315	566	1026	1266	2.32e-10	62.0
Pver_g9289.t1	sp|Q6XHB2|ROCO4_DICDI	28.571	231	122	12	1380	1595	1026	1228	7.83e-13	70.9
Pver_g9347.t1	sp|Q6XHB2|ROCO4_DICDI	27.391	230	146	8	613	836	1078	1292	5.26e-16	80.9
Pver_g9419.t1	sp|Q6XHB2|ROCO4_DICDI	23.490	298	194	11	33	309	1004	1288	4.65e-15	76.3
Pver_g9492.t1	sp|Q6XHB2|ROCO4_DICDI	26.562	320	153	15	683	983	1030	1286	9.21e-17	82.8
Pver_g9543.t1	sp|Q0MQE9|NDUB9_GORGO	45.263	95	50	1	1	95	1	93	9.23e-24	87.8
Pver_g9545.t1	sp|Q6XHB2|ROCO4_DICDI	30.392	102	70	1	133	233	260	361	1.06e-06	47.8
Pver_g9595.t1	sp|O75964|ATP5L_HUMAN	42.105	114	55	2	1	114	1	103	1.03e-22	82.4
Pver_g9642.t1	sp|Q6XHB2|ROCO4_DICDI	25.000	260	147	11	62	280	1031	1283	8.78e-08	54.3
Pver_g9718.t1	sp|Q6XHB2|ROCO4_DICDI	33.333	114	70	3	56	168	260	368	1.87e-06	50.1
Pver_g9748.t1	sp|Q6XHB2|ROCO4_DICDI	27.636	275	165	8	256	500	1025	1295	2.83e-17	82.8
Pver_g9749.t1	sp|Q6XHB2|ROCO4_DICDI	28.834	163	97	6	259	407	1022	1179	1.22e-10	60.8
Pver_g9812.t1	sp|Q6XHB2|ROCO4_DICDI	23.333	210	137	9	193	386	1032	1233	7.56e-07	49.3
Pver_g9860.t1	sp|Q9D9H8|CB069_MOUSE	39.617	313	136	7	341	603	56	365	1.47e-63	211
Pver_g9938.t1	sp|Q6XHB2|ROCO4_DICDI	25.000	220	139	7	671	867	1075	1291	1.14e-10	62.8
Pver_g9948.t1	sp|Q6XHB2|ROCO4_DICDI	28.679	265	161	9	58	300	1031	1289	1.09e-17	84.7
Pver_g9989.t1	sp|Q6XHB2|ROCO4_DICDI	28.959	221	146	5	547	766	1082	1292	1.26e-18	89.0
Pver_g10013.t1	sp|Q6XHB2|ROCO4_DICDI	27.719	285	169	13	57	323	1015	1280	8.44e-19	85.1
Pver_g10018.t2	sp|Q6XHB2|ROCO4_DICDI	26.697	221	127	11	587	794	1096	1294	6.94e-12	66.6
Pver_g10052.t1	sp|Q6XHB2|ROCO4_DICDI	29.474	95	54	3	18	100	371	464	3.18e-06	43.9
Pver_g10137.t2	sp|Q6XHB2|ROCO4_DICDI	25.938	320	174	12	439	729	1007	1292	6.89e-16	79.3
Pver_g10161.t1	sp|Q6XHB2|ROCO4_DICDI	25.503	298	177	12	898	1173	1021	1295	2.36e-12	68.9
Pver_g10174.t1	sp|Q6XHB2|ROCO4_DICDI	31.902	163	92	7	1303	1452	1136	1292	3.50e-14	75.1
Pver_g10311.t1	sp|Q6XHB2|ROCO4_DICDI	25.773	291	161	15	86	361	1030	1280	6.40e-14	76.3
Pver_g10352.t1	sp|Q6XHB2|ROCO4_DICDI	26.757	370	166	18	803	1143	427	720	3.05e-15	79.0
Pver_g10362.t1	sp|Q6XHB2|ROCO4_DICDI	24.490	343	169	12	597	924	1025	1292	3.34e-15	77.8
Pver_g10486.t2	sp|Q6XHB2|ROCO4_DICDI	23.973	146	97	5	11	148	372	511	1.25e-06	47.0
Pver_g10676.t2	sp|Q6XHB2|ROCO4_DICDI	29.568	301	159	16	584	863	1026	1294	5.76e-20	93.2
Pver_g10680.t2	sp|Q6XHB2|ROCO4_DICDI	27.215	158	88	7	290	441	1026	1162	6.08e-07	49.3
Pver_g10697.t1	sp|Q6XHB2|ROCO4_DICDI	29.286	280	165	10	34	296	1030	1293	2.11e-22	101
Pver_g10701.t1	sp|Q6XHB2|ROCO4_DICDI	27.650	217	122	10	65	268	1100	1294	1.69e-14	71.2
Pver_g10712.t1	sp|Q6XHB2|ROCO4_DICDI	24.907	269	176	10	854	1109	1032	1287	2.36e-18	88.2
Pver_g10770.t1	sp|Q6XHB2|ROCO4_DICDI	28.241	216	123	11	22	216	1029	1233	2.32e-13	68.2
Pver_g10782.t1	sp|Q6XHB2|ROCO4_DICDI	30.000	210	127	8	51	245	1030	1234	7.05e-16	79.7
Pver_g10817.t1	sp|Q6XHB2|ROCO4_DICDI	21.805	266	179	9	20	265	1030	1286	4.73e-12	67.4
Pver_g10844.t2	sp|Q6XHB2|ROCO4_DICDI	27.215	316	180	16	339	634	1007	1292	1.41e-19	90.9
Pver_g10846.t2	sp|Q6XHB2|ROCO4_DICDI	26.241	282	176	12	351	618	1032	1295	9.93e-13	68.9
Pver_g10946.t1	sp|Q91YT0|NDUV1_MOUSE	80.392	459	88	1	18	476	8	464	0.0	776
Pver_g10982.t1	sp|Q9P0J0|NDUAD_HUMAN	53.226	124	54	1	1	124	1	120	3.46e-41	131
Pver_g11073.t2	sp|Q6XHB2|ROCO4_DICDI	26.882	279	151	14	736	990	1031	1280	4.66e-17	85.5
Pver_g11206.t2	sp|Q6XHB2|ROCO4_DICDI	39.560	91	45	4	10	93	1032	1119	4.95e-07	51.6
Pver_g11317.t2	sp|Q6XHB2|ROCO4_DICDI	27.673	159	97	8	34	181	1141	1292	1.58e-11	60.1
Pver_g11358.t2	sp|Q6XHB2|ROCO4_DICDI	30.952	84	54	3	34	114	1210	1292	2.09e-06	46.2
Pver_g11389.t2	sp|Q6XHB2|ROCO4_DICDI	30.556	180	89	10	1788	1954	1026	1182	1.52e-10	63.9
Pver_g11401.t1	sp|Q16854|DGUOK_HUMAN	33.484	221	119	6	25	217	41	261	1.28e-35	125
Pver_g11402.t1	sp|Q16854|DGUOK_HUMAN	32.016	253	140	7	20	245	11	258	1.45e-41	141
Pver_g11408.t1	sp|Q6XHB2|ROCO4_DICDI	24.427	262	161	9	700	929	1032	1288	1.38e-11	67.4
Pver_g11447.t1	sp|Q6XHB2|ROCO4_DICDI	26.946	167	103	7	17	168	370	532	1.24e-06	45.1
Pver_g11448.t1	sp|Q6XHB2|ROCO4_DICDI	29.897	97	55	3	17	101	370	465	4.67e-06	43.5
Pver_g11452.t1	sp|Q6XHB2|ROCO4_DICDI	28.169	213	140	5	452	662	1032	1233	1.64e-14	74.7
Pver_g11453.t1	sp|Q6XHB2|ROCO4_DICDI	27.160	162	100	8	835	982	1136	1293	4.67e-09	57.8
Pver_g11530.t1	sp|Q6XHB2|ROCO4_DICDI	23.944	213	140	7	20	221	1032	1233	4.55e-11	61.6
Pver_g11542.t1	sp|P00125|CY1_BOVIN	69.008	242	75	0	85	326	82	323	1.90e-127	365
Pver_g11604.t1	sp|Q9CR21|ACPM_MOUSE	52.747	91	42	1	62	152	66	155	1.72e-28	100
Pver_g11616.t1	sp|Q52KK3|S2551_RAT	31.373	102	54	4	222	315	13	106	8.34e-06	43.9
Pver_g11638.t1	sp|P54275|MSH2_RAT	27.519	665	366	20	405	1019	177	775	1.60e-49	187
Pver_g11659.t1	sp|Q86Y39|NDUAB_HUMAN	29.457	129	85	3	66	193	3	126	3.49e-09	50.8
Pver_g11702.t1	sp|Q6XHB2|ROCO4_DICDI	25.221	226	144	9	241	448	1015	1233	7.65e-10	58.9
Pver_g11703.t1	sp|Q6XHB2|ROCO4_DICDI	28.571	315	171	18	960	1252	1000	1282	9.64e-21	97.1
Pver_g11725.t1	sp|Q9H1U9|S2551_HUMAN	22.594	239	153	5	12	248	34	242	2.01e-07	48.5
Pver_g11745.t2	sp|Q6XHB2|ROCO4_DICDI	24.112	394	203	16	502	856	427	763	4.15e-12	68.6
Pver_g11751.t1	sp|Q178L7|SDHF2_AEDAE	61.538	117	45	0	40	156	44	160	2.82e-49	153
Pver_g11781.t1.1.5de5ca8b	sp|Q6XHB2|ROCO4_DICDI	26.596	282	170	13	570	834	1028	1289	5.61e-16	80.9
Pver_g11797.t1	sp|Q6XHB2|ROCO4_DICDI	24.551	501	231	20	1097	1587	928	1291	5.46e-24	108
Pver_g11800.t1	sp|Q9DC69|NDUA9_MOUSE	49.547	331	166	1	35	365	44	373	2.44e-107	317
Pver_g11862.t1	sp|P43247|MSH2_MOUSE	24.954	545	341	15	239	755	252	756	8.62e-39	152
Pver_g11899.t1	sp|Q6XHB2|ROCO4_DICDI	28.137	263	160	10	13	259	1031	1280	4.99e-16	77.8
Pver_g11962.t1	sp|Q52KK3|S2551_RAT	26.538	260	166	11	75	327	53	294	1.26e-10	58.5
Pver_g11986.t1	sp|Q6XHB2|ROCO4_DICDI	26.154	325	145	13	276	571	427	685	6.03e-14	73.6
Pver_g11987.t1	sp|Q6XHB2|ROCO4_DICDI	25.000	324	150	12	539	834	427	685	7.94e-12	67.4
Pver_g12031.t1	sp|Q6XHB2|ROCO4_DICDI	27.391	230	130	12	7	223	1087	1292	2.03e-14	69.7
Pver_g12068.t1	sp|Q6XHB2|ROCO4_DICDI	30.282	284	156	14	718	982	1032	1292	4.26e-19	90.5
Pver_g12069.t1	sp|Q6XHB2|ROCO4_DICDI	27.950	161	100	5	738	885	1135	1292	6.21e-11	63.5
Pver_g12072.t1	sp|Q6XHB2|ROCO4_DICDI	28.440	109	69	3	351	453	1175	1280	1.46e-06	48.1
Pver_g12105.t1	sp|Q6XHB2|ROCO4_DICDI	27.568	185	98	8	500	671	1021	1182	8.73e-09	56.2
Pver_g12106.t1	sp|Q6XHB2|ROCO4_DICDI	28.571	77	51	3	9	82	1217	1292	5.46e-06	40.8
Pver_g12116.t1	sp|Q6XHB2|ROCO4_DICDI	23.978	367	232	15	316	655	933	1279	9.51e-12	65.9
Pver_g12148.t1	sp|P21537|ATP9_SCHPO	67.143	70	23	0	98	167	4	73	7.19e-28	96.7
Pver_g12161.t1	sp|Q6XHB2|ROCO4_DICDI	26.022	269	160	11	858	1093	1029	1291	6.86e-13	70.5
Pver_g12179.t2	sp|Q6XHB2|ROCO4_DICDI	26.667	285	166	14	1209	1473	1028	1289	7.66e-17	84.0
Pver_g12188.t1	sp|Q6XHB2|ROCO4_DICDI	29.893	281	147	16	746	986	1024	1294	3.86e-14	74.3
Pver_g12189.t2	sp|Q6XHB2|ROCO4_DICDI	28.763	299	162	17	1501	1779	1024	1291	1.28e-20	96.7
Pver_g12286.t2	sp|Q6XHB2|ROCO4_DICDI	27.326	172	92	9	464	619	1028	1182	3.63e-06	47.4
Pver_g12307.t1	sp|Q9D6J6|NDUV2_MOUSE	68.924	251	68	3	12	256	2	248	7.14e-129	362
Pver_g12378.t1	sp|P09622|DLDH_HUMAN	26.611	357	211	9	11	357	127	442	9.97e-25	105
Pver_g12380.t1	sp|Q9LSQ2|PP239_ARATH	21.127	213	162	1	123	335	419	625	3.09e-11	64.7
Pver_g12385.t1	sp|Q6XHB2|ROCO4_DICDI	25.641	273	139	11	554	801	427	660	2.38e-13	72.8
Pver_g12397.t1	sp|Q6XHB2|ROCO4_DICDI	27.465	142	92	3	10	150	371	502	2.17e-09	54.3
Pver_g12525.t2	sp|Q6XHB2|ROCO4_DICDI	25.320	391	204	16	638	995	427	762	1.94e-16	83.2
Pver_g12548.t1	sp|Q6XHB2|ROCO4_DICDI	35.294	102	55	4	448	548	414	505	1.03e-06	50.1
Pver_g12550.t1	sp|Q6XHB2|ROCO4_DICDI	24.017	229	126	8	17	224	1026	1227	4.01e-11	62.4
Pver_g12551.t1	sp|Q6XHB2|ROCO4_DICDI	24.670	227	126	8	22	227	1025	1227	1.20e-14	74.7
Pver_g12552.t1	sp|Q6XHB2|ROCO4_DICDI	25.328	229	123	8	17	224	1026	1227	4.29e-14	70.1
Pver_g12553.t1	sp|Q6XHB2|ROCO4_DICDI	27.273	231	122	12	21	232	1025	1228	6.84e-11	60.8
Pver_g12562.t1	sp|Q6XHB2|ROCO4_DICDI	29.515	227	134	10	9	220	1020	1235	1.18e-14	75.5
Pver_g12572.t1	sp|Q6XHB2|ROCO4_DICDI	29.323	266	165	11	7	260	1025	1279	2.37e-16	81.6
Pver_g12712.t1	sp|Q6XHB2|ROCO4_DICDI	27.597	308	171	16	673	956	1015	1294	2.85e-18	87.8
Pver_g12717.t1	sp|Q6XHB2|ROCO4_DICDI	26.039	361	171	15	225	556	392	685	1.17e-13	72.8
Pver_g12729.t1	sp|Q6XHB2|ROCO4_DICDI	27.308	260	162	10	15	254	1027	1279	2.81e-13	70.5
Pver_g12750.t1	sp|Q0MQ87|NDUAC_PANTR	32.955	88	48	3	4	80	20	107	7.22e-06	42.0
Pver_g12752.t1	sp|Q6XHB2|ROCO4_DICDI	30.058	173	100	8	892	1051	1128	1292	5.84e-14	73.9
Pver_g12767.t1	sp|Q6XHB2|ROCO4_DICDI	24.645	422	210	18	735	1124	399	744	1.65e-14	76.3
Pver_g12795.t1	sp|Q6XHB2|ROCO4_DICDI	39.535	86	48	2	113	198	260	341	8.80e-07	48.1
Pver_g12796.t1	sp|Q6XHB2|ROCO4_DICDI	29.032	279	147	16	822	1079	985	1233	8.91e-13	71.6
Pver_g12798.t1	sp|Q6XHB2|ROCO4_DICDI	25.749	334	193	15	847	1159	993	1292	2.11e-17	85.5
Pver_g12827.t1	sp|Q6XHB2|ROCO4_DICDI	25.283	265	161	9	582	814	1032	1291	1.23e-11	65.9
Pver_g12828.t2	sp|Q6XHB2|ROCO4_DICDI	24.296	284	175	12	1081	1335	1021	1293	3.33e-14	75.1
Pver_g12829.t1	sp|Q6XHB2|ROCO4_DICDI	25.000	264	163	9	966	1198	1032	1291	1.30e-12	69.7
Pver_g12830.t2	sp|Q6XHB2|ROCO4_DICDI	24.561	285	170	12	97	352	1021	1289	3.47e-13	68.2
Pver_g12833.t2	sp|Q6XHB2|ROCO4_DICDI	26.978	278	163	13	176	435	1024	1279	7.66e-19	87.8
Pver_g12889.t2	sp|Q6XHB2|ROCO4_DICDI	28.511	235	123	14	393	612	1029	1233	1.76e-14	74.7
Pver_g12982.t1	sp|Q6XHB2|ROCO4_DICDI	32.599	227	117	12	21	234	1029	1232	7.68e-19	87.8
Pver_g12994.t1	sp|Q9CR61|NDUB7_MOUSE	51.389	72	35	0	4	75	33	104	9.81e-20	74.7
Pver_g13001.t2	sp|Q6XHB2|ROCO4_DICDI	23.770	244	155	9	747	966	1032	1268	2.96e-11	65.5
Pver_g13002.t2	sp|Q6XHB2|ROCO4_DICDI	33.884	121	60	5	424	544	617	717	2.61e-08	55.5
Pver_g13004.t1	sp|Q6XHB2|ROCO4_DICDI	33.058	121	61	5	397	517	617	717	5.54e-07	51.2
Pver_g13135.t1	sp|Q6XHB2|ROCO4_DICDI	30.667	300	161	14	885	1166	1021	1291	5.75e-18	87.4
Pver_g13152.t1	sp|Q6XHB2|ROCO4_DICDI	27.984	243	147	11	546	781	1074	1295	1.53e-14	75.9
Pver_g13155.t1	sp|Q6XHB2|ROCO4_DICDI	30.675	163	94	7	2282	2431	1136	1292	2.69e-13	73.2
Pver_g13168.t1	sp|Q6XHB2|ROCO4_DICDI	28.163	245	135	15	52	273	1025	1251	1.19e-09	57.8
Pver_g13198.t1	sp|Q6XHB2|ROCO4_DICDI	28.920	287	165	11	2904	3173	1030	1294	1.73e-20	97.4
Pver_g13252.t1	sp|Q6XHB2|ROCO4_DICDI	25.490	357	172	15	87	415	427	717	4.02e-20	92.0
Pver_g13332.t1	sp|Q9H1U9|S2551_HUMAN	25.000	244	160	7	13	247	28	257	2.02e-09	54.7
Pver_g13333.t1	sp|Q9H1U9|S2551_HUMAN	24.454	229	147	10	344	564	32	242	3.89e-06	46.2
Pver_g13335.t1	sp|Q52KK3|S2551_RAT	29.452	146	90	6	106	249	31	165	2.12e-06	45.4
Pver_g13351.t1	sp|Q9H1U9|S2551_HUMAN	23.482	247	155	8	93	333	73	291	3.17e-08	51.6
Pver_g13464.t1	sp|Q6XHB2|ROCO4_DICDI	27.778	144	90	5	14	147	372	511	1.96e-06	45.4
Pver_g13629.t1	sp|Q6XHB2|ROCO4_DICDI	29.808	208	129	7	47	241	1032	1235	7.46e-15	75.1
Pver_g13655.t1	sp|Q6XHB2|ROCO4_DICDI	28.270	237	145	11	23	239	1030	1261	5.34e-14	72.0
Pver_g13702.t1	sp|Q6XHB2|ROCO4_DICDI	27.830	212	118	12	33	231	1103	1292	7.86e-13	65.5
Pver_g13716.t1	sp|Q6XHB2|ROCO4_DICDI	33.884	121	60	5	845	965	617	717	8.06e-08	54.3
Pver_g13728.t1	sp|Q6XHB2|ROCO4_DICDI	26.596	282	173	10	334	595	1024	1291	4.91e-18	85.9
Pver_g13732.t1	sp|Q5R546|ATPA_PONAB	82.246	552	98	0	1	552	1	552	0.0	921
Pver_g13761.t1	sp|Q8WYQ3|CHC10_HUMAN	49.038	104	48	2	50	153	41	139	2.56e-29	102
Pver_g13762.t1	sp|Q8WYQ3|CHC10_HUMAN	45.055	91	41	1	36	117	43	133	1.33e-18	80.5
Pver_g13763.t2	sp|Q8WYQ3|CHC10_HUMAN	46.535	101	49	2	50	150	41	136	2.53e-25	95.5
Pver_g13790.t1	sp|Q6XHB2|ROCO4_DICDI	28.521	284	167	10	603	862	1023	1294	1.59e-25	110
Pver_g13853.t2	sp|Q9DB77|QCR2_MOUSE	36.069	463	241	9	13	455	2	429	6.89e-81	255
Pver_g13934.t2	sp|Q6XHB2|ROCO4_DICDI	26.295	251	160	12	587	823	1032	1271	1.07e-13	72.4
Pver_g13967.t1	sp|Q6XHB2|ROCO4_DICDI	32.234	273	153	9	10	255	1025	1292	9.24e-34	137
Pver_g13989.t2	sp|Q6XHB2|ROCO4_DICDI	32.218	239	145	8	582	808	1053	1286	1.99e-28	121
Pver_g13999.t1	sp|Q6XHB2|ROCO4_DICDI	24.620	329	194	13	560	865	995	1292	6.86e-13	70.1
Pver_g14040.t1	sp|O75323|NIPS2_HUMAN	30.556	108	75	0	85	192	153	260	4.59e-07	50.1
Pver_g14057.t2	sp|Q6XHB2|ROCO4_DICDI	25.830	271	162	12	393	646	1032	1280	5.39e-12	66.6
Pver_g14058.t1	sp|Q6XHB2|ROCO4_DICDI	28.772	285	159	15	444	708	1032	1292	5.98e-17	82.8
Pver_g14149.t1	sp|Q6XHB2|ROCO4_DICDI	28.205	234	123	13	384	602	1025	1228	3.15e-13	70.5
Pver_g14188.t1	sp|Q6XHB2|ROCO4_DICDI	29.818	275	165	12	246	500	1021	1287	6.55e-22	99.8
Pver_g14225.t1	sp|Q6XHB2|ROCO4_DICDI	26.190	294	173	12	36	313	1024	1289	3.09e-19	87.0
Pver_g14276.t1	sp|Q9H1U9|S2551_HUMAN	24.506	253	173	8	387	631	54	296	2.92e-07	50.1
Pver_g14422.t1	sp|Q6XHB2|ROCO4_DICDI	27.113	284	166	11	338	604	1033	1292	3.86e-18	86.3
Pver_g14423.t1	sp|Q6XHB2|ROCO4_DICDI	25.926	297	173	14	1143	1420	1024	1292	1.54e-15	79.7
Pver_g14531.t1	sp|Q6XHB2|ROCO4_DICDI	22.517	302	153	14	1019	1265	1014	1289	6.69e-06	47.8
Pver_g14549.t1	sp|Q6XHB2|ROCO4_DICDI	28.859	298	163	15	417	695	1024	1291	5.29e-20	92.4
Pver_g14550.t1	sp|Q6XHB2|ROCO4_DICDI	25.000	268	159	11	499	746	988	1233	6.06e-09	58.2
Pver_g14562.t1	sp|Q05752|NDUA7_BOVIN	51.316	76	36	1	1	75	1	76	1.14e-22	82.4
Pver_g14585.t1	sp|Q6XHB2|ROCO4_DICDI	29.915	234	140	11	561	785	1077	1295	1.41e-17	85.9
Pver_g14655.t1	sp|Q6XHB2|ROCO4_DICDI	23.776	286	186	12	482	752	1021	1289	7.18e-09	58.2
Pver_g14745.t1	sp|Q6XHB2|ROCO4_DICDI	27.413	259	158	12	161	398	1030	1279	5.17e-12	65.9
Pver_g14766.t2	sp|Q5HZI9|S2551_MOUSE	25.824	182	127	4	34	211	63	240	4.97e-07	47.4
Pver_g14771.t1	sp|Q6XHB2|ROCO4_DICDI	28.102	274	156	11	2458	2713	1030	1280	1.18e-16	84.3
Pver_g14863.t1	sp|Q9VAI1|CIA30_DROME	36.090	133	81	2	39	167	89	221	2.75e-20	89.0
Pver_g14882.t1	sp|Q9UJZ1|STML2_HUMAN	25.926	135	99	1	71	204	48	182	1.65e-08	53.1
Pver_g14909.t1	sp|Q6XHB2|ROCO4_DICDI	26.543	162	96	5	498	638	1132	1291	7.50e-10	59.3
Pver_g14977.t1	sp|Q6XHB2|ROCO4_DICDI	23.148	216	140	10	437	637	1032	1236	7.59e-06	47.0
Pver_g14997.t1	sp|Q9H1U9|S2551_HUMAN	25.523	239	161	7	88	320	65	292	3.10e-11	60.5
Pver_g15008.t1	sp|Q6XHB2|ROCO4_DICDI	32.099	162	95	6	782	933	1136	1292	9.65e-17	82.8
Pver_g15009.t2	sp|Q6XHB2|ROCO4_DICDI	30.070	286	148	17	472	737	1029	1282	6.65e-18	88.2
Pver_g15010.t1	sp|Q6XHB2|ROCO4_DICDI	29.252	147	95	3	504	648	1155	1294	7.08e-13	69.3
Pver_g15024.t1	sp|Q6XHB2|ROCO4_DICDI	26.816	179	116	8	251	421	1030	1201	3.44e-08	53.9
Pver_g15026.t1	sp|Q5RC24|QCR7_PONAB	55.422	83	36	1	8	90	30	111	7.38e-26	89.7
Pver_g15028.t1	sp|Q6XHB2|ROCO4_DICDI	24.757	206	139	9	252	448	1030	1228	1.40e-07	52.0
Pver_g15041.t1	sp|Q6XHB2|ROCO4_DICDI	29.710	276	154	9	194	463	253	494	9.04e-17	83.2
Pver_g15066.t1	sp|Q6XHB2|ROCO4_DICDI	28.846	260	150	11	115	349	1030	1279	3.70e-23	99.0
Pver_g15107.t1	sp|Q6XHB2|ROCO4_DICDI	29.699	266	138	16	84	330	1029	1264	5.68e-15	73.2
Pver_g15184.t1	sp|Q5HZI9|S2551_MOUSE	26.012	173	111	5	29	192	79	243	3.60e-11	59.3
Pver_g15213.t1	sp|O43090|NDH2_SCHPO	34.753	446	231	13	42	432	90	530	1.92e-74	256
Pver_g15229.t1	sp|Q9H1U9|S2551_HUMAN	24.339	189	120	6	75	258	72	242	1.07e-07	49.7
Pver_g15252.t2	sp|Q6XHB2|ROCO4_DICDI	32.886	149	87	6	333	471	1135	1280	5.99e-12	66.6
Pver_g15253.t1	sp|Q6XHB2|ROCO4_DICDI	29.965	287	152	14	719	982	1032	1292	1.31e-16	82.8
Pver_g15254.t1	sp|Q6XHB2|ROCO4_DICDI	30.389	283	156	15	719	982	1032	1292	8.33e-17	83.2
Pver_g15255.t1	sp|Q6XHB2|ROCO4_DICDI	29.932	294	142	13	1293	1555	1032	1292	5.54e-19	91.3
Pver_g15276.t1	sp|Q6XHB2|ROCO4_DICDI	25.116	215	128	12	4	203	1027	1223	2.81e-07	49.3
Pver_g15308.t1	sp|Q9Y5T4|DJC15_HUMAN	72.222	72	20	0	20	91	78	149	1.69e-37	120
Pver_g15326.t2	sp|Q6XHB2|ROCO4_DICDI	27.111	225	143	10	18	230	1027	1242	2.94e-15	75.9
Pver_g15342.t1	sp|Q6XHB2|ROCO4_DICDI	26.172	256	166	10	15	252	1029	1279	2.03e-14	74.3
Pver_g15404.t2	sp|Q6XHB2|ROCO4_DICDI	26.389	216	139	8	898	1098	1023	1233	1.01e-10	63.9
Pver_g15657.t1	sp|P31930|QCR1_HUMAN	58.929	448	181	2	61	506	34	480	0.0	569
Pver_g15695.t2	sp|Q6XHB2|ROCO4_DICDI	26.619	278	169	12	614	867	1029	1295	3.44e-17	84.7
Pver_g15883.t1	sp|Q6XHB2|ROCO4_DICDI	24.138	319	149	13	255	545	427	680	3.62e-14	74.3
Pver_g15963.t2	sp|Q6XHB2|ROCO4_DICDI	24.722	360	174	15	2221	2552	427	717	1.35e-16	84.3
Pver_g16024.t1	sp|Q6XHB2|ROCO4_DICDI	25.217	230	153	7	2	219	1011	1233	2.07e-11	62.4
Pver_g16052.t1	sp|Q6XHB2|ROCO4_DICDI	33.491	212	119	12	23	218	1029	1234	7.70e-16	80.1
Pver_g16055.t1	sp|Q6XHB2|ROCO4_DICDI	31.132	212	123	9	18	212	1029	1234	6.15e-15	76.3
Pver_g16157.t1	sp|P22068|ATPB_SCHPO	30.795	302	184	7	227	522	180	462	4.02e-31	124
Pver_g16159.t1	sp|Q6XHB2|ROCO4_DICDI	27.402	281	161	11	11	263	1022	1287	3.37e-20	90.9
Pver_g16252.t1	sp|Q6XHB2|ROCO4_DICDI	24.737	380	173	19	601	946	427	727	1.01e-13	73.6
Pver_g16254.t1	sp|Q6XHB2|ROCO4_DICDI	23.810	357	183	15	742	1072	427	720	2.03e-13	73.2
Pver_g16255.t1	sp|Q6XHB2|ROCO4_DICDI	29.697	165	84	7	930	1082	618	762	2.69e-08	56.2
Pver_g16315.t1	sp|Q6XHB2|ROCO4_DICDI	26.531	245	151	11	349	575	1000	1233	2.05e-13	71.2
Pver_g16405.t2	sp|Q6XHB2|ROCO4_DICDI	29.197	274	148	13	1359	1614	1046	1291	6.25e-16	81.6
Pver_g16415.t1	sp|Q9CQ91|NDUA3_MOUSE	41.935	62	34	2	25	85	9	69	3.00e-09	47.0
Pver_g16528.t1	sp|Q6XHB2|ROCO4_DICDI	30.357	224	121	10	235	432	1019	1233	9.49e-14	74.3
Pver_g16599.t1	sp|Q9CR68|UCRI_MOUSE	55.072	276	116	3	1	270	1	274	2.02e-100	292
Pver_g16751.t1	sp|Q6XHB2|ROCO4_DICDI	26.296	270	157	11	896	1130	1029	1291	5.14e-14	74.3
Pver_g16827.t1	sp|Q6XHB2|ROCO4_DICDI	27.407	270	142	14	859	1102	1021	1262	4.00e-11	65.5
Pver_g16828.t1	sp|Q6XHB2|ROCO4_DICDI	28.519	270	139	15	33	276	1021	1262	2.65e-10	61.2
Pver_g16858.t1	sp|Q6XHB2|ROCO4_DICDI	28.912	294	160	15	403	677	1029	1292	3.84e-19	89.7
Pver_g16984.t1	sp|Q6XHB2|ROCO4_DICDI	25.095	263	170	16	1016	1266	1032	1279	2.93e-07	52.4
Pver_g16993.t1	sp|Q6XHB2|ROCO4_DICDI	25.472	212	139	8	870	1070	1030	1233	1.21e-08	56.6
Pver_g16996.t1	sp|P43246|MSH2_HUMAN	27.654	810	448	24	574	1358	157	853	2.36e-65	237
Pver_g17101.t2	sp|Q6XHB2|ROCO4_DICDI	27.138	269	159	10	1314	1551	1029	1291	1.28e-15	80.1
Pver_g17102.t1	sp|Q6XHB2|ROCO4_DICDI	26.296	270	158	12	925	1160	1029	1291	9.79e-13	70.1
Pver_g17103.t1	sp|Q6XHB2|ROCO4_DICDI	27.341	267	151	12	489	720	1032	1290	4.56e-14	73.6
Pver_g17127.t1	sp|Q9H1U9|S2551_HUMAN	23.858	197	129	5	17	208	111	291	8.97e-08	50.1
Pver_g17287.t1	sp|Q6XHB2|ROCO4_DICDI	27.950	161	100	5	802	949	1135	1292	1.17e-10	62.8
Pver_g17313.t1	sp|Q6XHB2|ROCO4_DICDI	26.786	224	123	7	277	470	278	490	9.47e-11	63.5
Pver_g17320.t1	sp|Q6XHB2|ROCO4_DICDI	30.325	277	164	12	524	780	1025	1292	1.05e-24	108
Pver_g17379.t1	sp|O43678|NDUA2_HUMAN	25.000	72	54	0	18	89	16	87	3.14e-07	43.5
Pver_g17468.t1	sp|Q6XHB2|ROCO4_DICDI	24.085	328	170	13	468	780	1029	1292	2.34e-15	77.8
Pver_g17472.t1	sp|Q6XHB2|ROCO4_DICDI	25.704	284	173	11	427	692	1029	1292	1.11e-16	82.0
Pver_g17475.t1	sp|P00393|NDH_ECOLI	26.608	342	184	14	67	356	31	357	5.75e-16	76.6
Pver_g17485.t1_g17486.t1	sp|Q6XHB2|ROCO4_DICDI	25.685	292	166	13	696	962	1014	1279	3.08e-11	64.7
Pver_g17539.t1	sp|F1N206|DLDH_BOVIN	73.113	212	55	2	26	236	115	325	1.64e-105	317
Pver_g17543.t2	sp|Q6XHB2|ROCO4_DICDI	27.530	247	144	11	1158	1382	1000	1233	6.93e-14	74.7
Pver_g17546.t1	sp|P29410|KAD2_RAT	28.638	213	139	5	236	437	13	223	5.34e-24	97.4
Pver_g17596.t2	sp|Q6XHB2|ROCO4_DICDI	29.670	182	96	10	1549	1719	1024	1184	1.06e-08	57.8
Pver_g17663.t1	sp|Q6XHB2|ROCO4_DICDI	29.661	236	119	13	64	283	1024	1228	2.06e-11	65.5
Pver_g17680.t1	sp|C4QX80|PSD1_KOMPG	32.505	483	210	11	50	424	73	547	6.50e-67	220
Pver_g17762.t1	sp|Q6XHB2|ROCO4_DICDI	28.674	279	176	11	1494	1760	1020	1287	2.64e-17	85.9
Pver_g17864.t1	sp|Q6XHB2|ROCO4_DICDI	27.198	364	207	17	198	539	965	1292	4.76e-18	85.5
Pver_g17865.t1	sp|Q6XHB2|ROCO4_DICDI	27.586	290	159	13	1052	1313	1026	1292	1.47e-17	86.3
Pver_g17866.t1	sp|Q6XHB2|ROCO4_DICDI	24.638	276	138	10	357	604	427	660	1.01e-10	63.9
Pver_g17867.t1	sp|Q6XHB2|ROCO4_DICDI	26.007	273	138	11	251	498	427	660	1.22e-13	73.2
Pver_g17894.t2	sp|Q6XHB2|ROCO4_DICDI	34.021	97	51	5	2907	2994	1136	1228	7.30e-07	53.1
Pver_g17905.t2	sp|Q6XHB2|ROCO4_DICDI	27.759	299	167	17	1595	1874	1026	1294	5.24e-18	88.2
Pver_g17949.t1	sp|Q91VR2|ATPG_MOUSE	56.169	308	113	7	6	301	1	298	2.78e-119	342
Pver_g18024.t1	sp|Q6XHB2|ROCO4_DICDI	28.814	295	174	12	4	287	1020	1289	2.92e-20	92.4
Pver_g18082.t2	sp|Q9CZ13|QCR1_MOUSE	30.297	472	294	13	363	825	27	472	5.05e-49	178
Pver_g18112.t1	sp|Q3T061|COX7R_BOVIN	35.484	93	53	3	1	86	1	93	1.61e-10	51.6
Pver_g18142.t1	sp|Q6XHB2|ROCO4_DICDI	36.047	86	41	5	71	150	1032	1109	8.26e-06	44.3
Pver_g18166.t1	sp|Q6XHB2|ROCO4_DICDI	26.761	213	134	9	544	743	1032	1235	3.12e-11	64.7
Pver_g18195.t1	sp|Q6XHB2|ROCO4_DICDI	30.128	156	93	8	17	159	1030	1182	7.33e-09	53.5
Pver_g18239.t1.1.5de5cb22	sp|Q6XHB2|ROCO4_DICDI	27.431	288	169	13	478	749	1029	1292	1.82e-19	91.3
Pver_g18267.t1	sp|Q6XHB2|ROCO4_DICDI	27.670	206	127	11	152	341	1030	1229	2.19e-10	60.5
Pver_g18271.t2	sp|Q6XHB2|ROCO4_DICDI	25.316	316	176	14	696	979	1007	1294	6.18e-15	77.0
Pver_g18276.t2	sp|Q6XHB2|ROCO4_DICDI	24.242	264	169	8	347	595	411	658	6.21e-11	63.5
Pver_g18288.t2	sp|Q6XHB2|ROCO4_DICDI	25.781	256	149	13	38	263	1031	1275	6.36e-11	65.1
Pver_g18330.t1	sp|Q6XHB2|ROCO4_DICDI	28.175	252	148	10	960	1190	1029	1268	9.99e-13	70.1
Pver_g18402.t2	sp|Q6XHB2|ROCO4_DICDI	25.633	316	145	13	208	495	427	680	4.96e-18	87.0
Pver_g18440.t1	sp|Q6XHB2|ROCO4_DICDI	28.061	196	121	7	555	734	1032	1223	2.25e-09	58.9
Pver_g18450.t1	sp|Q6XHB2|ROCO4_DICDI	24.476	286	148	11	367	634	1018	1253	6.33e-12	66.2
Pver_g18481.t1	sp|Q16635|TAZ_HUMAN	44.015	259	142	2	1	259	1	256	2.38e-83	248
Pver_g18519.t1	sp|Q9CZ13|QCR1_MOUSE	22.066	213	154	3	100	312	53	253	7.79e-06	46.6
Pver_g18529.t2	sp|Q6XHB2|ROCO4_DICDI	26.190	588	304	25	378	919	260	763	2.05e-32	135
Pver_g18558.t1	sp|Q6XHB2|ROCO4_DICDI	23.871	310	148	10	193	468	427	682	1.60e-12	71.2
Pver_g18559.t2	sp|Q6XHB2|ROCO4_DICDI	28.395	162	99	8	377	526	1136	1292	4.14e-11	63.2
Pver_g18592.t2	sp|Q6XHB2|ROCO4_DICDI	26.087	253	152	11	194	433	1064	1294	2.16e-13	72.4
Pver_g18648.t1	sp|P29410|KAD2_RAT	69.333	225	69	0	38	262	14	238	3.63e-119	338
Pver_g18677.t1	sp|Q6XHB2|ROCO4_DICDI	28.525	305	163	15	211	504	1032	1292	1.33e-12	67.8
Pver_g18680.t2	sp|Q6XHB2|ROCO4_DICDI	27.500	200	106	10	150	334	1007	1182	2.29e-08	55.8
Pver_g18682.t1	sp|Q6XHB2|ROCO4_DICDI	28.780	205	109	10	108	298	1001	1182	1.33e-07	52.0
Pver_g18714.t1	sp|Q6XHB2|ROCO4_DICDI	27.239	268	154	12	2436	2670	1032	1291	1.28e-14	77.8
Pver_g18966.t1	sp|Q6XHB2|ROCO4_DICDI	26.510	298	156	13	711	977	1014	1279	4.75e-14	73.9
Pver_g18967.t1	sp|Q6XHB2|ROCO4_DICDI	28.962	183	102	7	289	458	1014	1181	2.94e-07	50.4
Pver_g18970.t2	sp|Q6XHB2|ROCO4_DICDI	26.897	290	165	12	697	963	1014	1279	6.21e-15	77.0
Pver_g19014.t1	sp|Q6XHB2|ROCO4_DICDI	24.382	283	131	9	193	446	427	655	5.45e-14	71.6
Pver_g19021.t2	sp|Q6XHB2|ROCO4_DICDI	29.375	160	94	7	1054	1202	1140	1291	9.33e-12	67.0
Pver_g19023.t1	sp|Q6XHB2|ROCO4_DICDI	30.496	282	144	15	184	442	1030	1282	1.40e-12	69.3
Pver_g19047.t1	sp|Q5SSK3|TEFM_MOUSE	28.571	322	168	11	89	390	76	355	9.58e-21	90.1
Pver_g19108.t1	sp|Q6XHB2|ROCO4_DICDI	28.141	199	106	9	573	757	1007	1182	2.07e-08	55.1
Pver_g19109.t1	sp|Q6XHB2|ROCO4_DICDI	28.479	309	169	16	466	752	1014	1292	9.79e-20	92.0
Pver_g19181.t2	sp|Q6XHB2|ROCO4_DICDI	27.907	215	128	9	593	791	1051	1254	4.78e-10	60.5
Pver_g19182.t1	sp|Q6XHB2|ROCO4_DICDI	25.769	260	163	11	535	787	1059	1295	1.25e-14	76.3
Pver_g19185.t1	sp|Q6XHB2|ROCO4_DICDI	29.693	293	157	16	99	372	1029	1291	6.32e-21	92.4
Pver_g19188.t2	sp|Q6XHB2|ROCO4_DICDI	24.427	262	161	9	299	528	1032	1288	2.69e-11	63.9
Pver_g19216.t1	sp|Q6XHB2|ROCO4_DICDI	27.572	243	140	11	28	240	1030	1266	7.93e-13	68.2
Pver_g19246.t1	sp|Q6XHB2|ROCO4_DICDI	25.965	285	172	12	1077	1342	1025	1289	1.86e-18	89.4
Pver_g19304.t1	sp|Q6XHB2|ROCO4_DICDI	24.444	360	175	15	196	527	427	717	3.47e-16	80.9
Pver_g19322.t1	sp|Q6XHB2|ROCO4_DICDI	27.037	270	150	12	453	685	1032	1291	1.25e-14	75.1
Pver_g19361.t2	sp|Q6XHB2|ROCO4_DICDI	24.259	371	164	16	849	1182	427	717	1.12e-12	70.5
Pver_g19414.t1	sp|Q6XHB2|ROCO4_DICDI	26.812	276	162	11	154	396	1021	1289	1.07e-14	73.6
Pver_g19568.t2	sp|Q6XHB2|ROCO4_DICDI	27.225	191	96	12	830	1002	1017	1182	8.21e-08	53.5
Pver_g19643.t1	sp|Q6XHB2|ROCO4_DICDI	25.871	201	123	8	731	918	1105	1292	3.00e-10	61.6
Pver_g19689.t1	sp|Q6XHB2|ROCO4_DICDI	25.794	252	154	12	576	813	1032	1264	3.39e-11	64.3
Pver_g19716.t1	sp|Q6XHB2|ROCO4_DICDI	23.051	295	161	11	441	704	469	728	9.24e-08	53.5
Pver_g19719.t2	sp|Q6XHB2|ROCO4_DICDI	25.061	407	211	18	906	1277	415	762	5.16e-17	84.7
Pver_g19721.t2	sp|Q791V5|MTCH2_MOUSE	51.351	37	18	0	45	81	251	287	1.78e-07	45.8
Pver_g19748.t1	sp|Q6XHB2|ROCO4_DICDI	27.564	312	185	14	71	364	951	1239	9.21e-17	80.9
Pver_g19789.t1	sp|Q6XHB2|ROCO4_DICDI	26.712	292	175	13	585	862	1026	1292	9.71e-19	89.0
Pver_g19841.t1	sp|Q6XHB2|ROCO4_DICDI	28.571	189	103	9	565	741	1049	1217	3.23e-09	57.8
Pver_g19846.t1	sp|Q6XHB2|ROCO4_DICDI	29.268	164	95	6	225	371	255	414	8.64e-06	47.4
Pver_g19874.t1	sp|Q6XHB2|ROCO4_DICDI	25.000	120	87	2	8	124	372	491	4.07e-06	43.9
Pver_g19889.t1	sp|Q6XHB2|ROCO4_DICDI	26.364	220	113	11	820	1019	1051	1241	1.18e-07	53.1
Pver_g19905.t1	sp|Q6XHB2|ROCO4_DICDI	27.215	316	180	16	46	341	1007	1292	3.31e-20	89.7
Pver_g19912.t2	sp|Q6XHB2|ROCO4_DICDI	23.291	395	215	15	27	391	427	763	7.34e-10	60.1
Pver_g19923.t2	sp|Q6XHB2|ROCO4_DICDI	30.097	103	33	4	318	420	427	490	1.82e-06	48.9
Pver_g19955.t1	sp|Q6XHB2|ROCO4_DICDI	28.395	81	54	3	40	117	1213	1292	7.99e-06	41.6
Pver_g20037.t1	sp|Q6XHB2|ROCO4_DICDI	27.473	273	153	11	205	441	1032	1295	2.48e-13	69.7
Pver_g20161.t1	sp|Q6XHB2|ROCO4_DICDI	25.839	298	163	15	143	414	1024	1289	1.06e-13	70.9
Pver_g20162.t1	sp|Q6XHB2|ROCO4_DICDI	27.950	161	100	5	27	174	1135	1292	1.90e-11	59.3
Pver_g20187.t1	sp|Q6XHB2|ROCO4_DICDI	33.884	121	68	4	239	354	1016	1129	1.32e-08	53.9
Pver_g20241.t1	sp|Q791V5|MTCH2_MOUSE	51.351	37	18	0	1	37	251	287	8.65e-08	45.1
Pver_g20256.t1	sp|Q6XHB2|ROCO4_DICDI	30.061	163	95	6	275	424	1136	1292	8.05e-15	74.3
Pver_g20284.t1	sp|P09622|DLDH_HUMAN	28.355	462	303	11	317	760	43	494	1.06e-45	168
Pver_g20355.t2	sp|P93285|COX2_ARATH	37.083	240	135	4	904	1134	20	252	6.06e-46	163
Pver_g20438.t2	sp|Q6XHB2|ROCO4_DICDI	23.938	259	148	10	56	286	1058	1295	1.91e-11	63.9
Pver_g20484.t1	sp|Q6XHB2|ROCO4_DICDI	30.220	182	95	10	172	342	1024	1184	2.21e-09	56.6
Pver_g20611.t2	sp|Q6XHB2|ROCO4_DICDI	34.177	158	85	7	6	147	1103	1257	7.31e-18	79.3
Pver_g20617.t1	sp|Q6XHB2|ROCO4_DICDI	36.842	95	47	6	16	102	1020	1109	2.84e-07	44.7
Pver_g20618.t1	sp|Q6XHB2|ROCO4_DICDI	29.032	186	100	9	28	203	1070	1233	6.10e-11	60.5
Pver_g20693.t1	sp|Q6XHB2|ROCO4_DICDI	26.804	97	65	4	10	101	1196	1291	1.60e-07	48.1
Pver_g20922.t1	sp|Q6XHB2|ROCO4_DICDI	26.804	97	65	4	10	101	1196	1291	1.11e-07	48.1
Pver_g20980.t2	sp|Q6XHB2|ROCO4_DICDI	28.659	164	97	9	2	152	1136	1292	8.35e-13	63.2
Pver_g21253.t1	sp|Q6XHB2|ROCO4_DICDI	36.471	85	52	2	9	92	254	337	2.85e-06	44.7
Pver_g21329.t1	sp|Q6XHB2|ROCO4_DICDI	28.708	209	112	10	17	211	997	1182	5.38e-10	56.2
Pver_g21368.t1	sp|Q6XHB2|ROCO4_DICDI	31.646	79	50	2	48	123	1217	1294	3.38e-07	45.8
Pver_g21402.t1	sp|Q6XHB2|ROCO4_DICDI	35.802	81	51	1	21	100	257	337	7.86e-06	43.5
Pver_g21495.t1	sp|P00393|NDH_ECOLI	52.732	421	194	2	3	422	18	434	6.37e-157	447
Pver_g21597.t1	sp|Q6XHB2|ROCO4_DICDI	36.471	85	52	2	17	100	254	337	5.25e-07	47.8
Pver_g21646.t1	sp|Q6XHB2|ROCO4_DICDI	28.571	105	69	3	6	107	1191	1292	7.51e-07	43.5
Pver_g21793.t1	sp|Q6XHB2|ROCO4_DICDI	27.647	170	88	7	36	191	1014	1162	2.50e-06	44.3
Pver_g21915.t1	sp|Q6XHB2|ROCO4_DICDI	30.894	123	79	3	7	126	1173	1292	1.44e-11	57.8
Pver_g22084.t1	sp|P0ABK4|CYDB_ECO57	50.549	273	134	1	1	272	107	379	5.24e-89	266
Pver_g22787.t1	sp|Q3MHE4|MSH2_BOVIN	30.915	634	395	16	261	864	232	852	7.28e-71	250
Pver_g22844.t1	sp|Q6XHB2|ROCO4_DICDI	26.687	326	141	14	212	506	427	685	2.27e-18	87.8
Pver_g22847.t1	sp|Q6XHB2|ROCO4_DICDI	25.887	282	177	12	351	618	1032	1295	1.83e-12	68.2
Pver_g22933.t1	sp|Q6XHB2|ROCO4_DICDI	21.429	308	196	12	102	384	1001	1287	1.39e-08	54.3
Pver_g22945.t1	sp|Q6XHB2|ROCO4_DICDI	25.952	289	175	9	10	284	1026	1289	7.66e-22	96.7
Pver_g22946.t1	sp|Q6XHB2|ROCO4_DICDI	29.066	289	173	9	9	287	1025	1291	1.82e-21	96.3
Pver_g22947.t1	sp|Q6XHB2|ROCO4_DICDI	28.053	303	165	13	4	286	1020	1289	2.87e-19	89.4
Pver_g22948.t1	sp|Q6XHB2|ROCO4_DICDI	28.571	287	160	10	9	270	1025	1291	5.70e-20	90.9
Pver_g22949.t1	sp|Q6XHB2|ROCO4_DICDI	29.153	295	173	12	4	287	1020	1289	6.46e-21	94.7
Pver_g22974.t1	sp|Q52KK3|S2551_RAT	21.990	191	142	2	61	251	68	251	1.76e-06	45.8
Pver_g23001.t1	sp|Q6XHB2|ROCO4_DICDI	24.373	279	184	11	779	1042	1024	1290	2.17e-20	94.7
Pver_g23020.t2	sp|Q6XHB2|ROCO4_DICDI	31.636	275	173	8	106	371	1024	1292	1.33e-30	127
Pver_g23055.t1	sp|Q6XHB2|ROCO4_DICDI	29.630	162	97	9	631	780	1136	1292	1.02e-10	62.8
Pver_g23189.t1	sp|Q6XHB2|ROCO4_DICDI	24.756	307	135	17	1034	1273	1017	1294	3.43e-11	65.1
Pver_g23191.t1	sp|Q6XHB2|ROCO4_DICDI	27.200	250	132	16	228	456	1008	1228	8.30e-13	68.6
Pver_g23214.t1	sp|Q6XHB2|ROCO4_DICDI	22.603	292	154	10	41	307	427	671	6.56e-07	49.3
Pver_g23216.t1	sp|Q6XHB2|ROCO4_DICDI	21.296	324	176	11	151	446	393	665	2.39e-07	51.6
Pver_g23232.t2	sp|Q52KK3|S2551_RAT	21.586	227	159	6	81	300	73	287	8.58e-07	47.0
Pver_g23349.t1	sp|Q6XHB2|ROCO4_DICDI	30.137	146	76	7	315	449	1054	1184	1.25e-07	52.4
Pver_g23353.t1	sp|P56391|CX6B1_MOUSE	55.556	90	33	3	2	88	1	86	1.06e-31	103
Pver_g23389.t2	sp|P39006|PSD1_YEAST	33.951	162	95	5	599	749	334	494	2.05e-15	78.2
Pver_g23518.t1	sp|Q6XHB2|ROCO4_DICDI	28.889	180	92	9	181	347	1026	1182	5.92e-10	58.2
Pver_g23564.t1	sp|Q6XHB2|ROCO4_DICDI	26.524	328	140	14	242	537	427	685	1.17e-13	72.8
Pver_g23602.t1	sp|Q6XHB2|ROCO4_DICDI	27.984	243	138	11	290	518	1072	1291	7.70e-18	84.7
Pver_g23607.t1	sp|Q9UJZ1|STML2_HUMAN	23.750	240	137	6	397	608	84	305	4.39e-09	56.6
Pver_g23647.t1	sp|D7AF63|SFRA_GEOSK	21.678	715	417	27	64	760	225	814	8.62e-13	70.1
Pver_g23691.t1	sp|P22068|ATPB_SCHPO	29.738	343	227	7	254	584	115	455	1.11e-37	148
Pver_g23711.t1	sp|P09622|DLDH_HUMAN	31.707	451	284	12	231	668	40	479	9.09e-53	191
Pver_g23729.t1	sp|Q6XHB2|ROCO4_DICDI	28.638	213	107	11	14	200	1069	1262	1.42e-08	55.5
Pver_g23818.t1	sp|Q32PX9|AFG1L_RAT	37.437	398	202	7	256	607	75	471	1.95e-73	241
Pver_g23885.t1	sp|Q9CZ13|QCR1_MOUSE	24.380	242	166	6	55	289	53	284	9.10e-09	56.6
Pver_g23886.t1	sp|Q54UT2|DGK_DICDI	28.205	195	132	6	230	419	27	218	7.95e-16	74.7
Pver_g23949.t2	sp|Q5ZLC5|ATPB_CHICK	26.667	300	178	7	196	478	188	462	1.75e-18	87.8
Pver_g24032.t1	sp|P07014|SDHB_ECOLI	71.495	214	59	2	134	345	6	219	2.76e-103	328
Pver_g24153.t1	sp|F1N206|DLDH_BOVIN	24.147	381	242	17	519	875	121	478	7.55e-09	56.6
Pver_g24187.t1	sp|Q6XHB2|ROCO4_DICDI	26.667	285	169	12	125	390	1032	1295	2.30e-18	84.7
Pver_g24192.t1	sp|C0HK52|ATPB_PICAN	23.570	437	303	11	16	429	9	437	2.60e-19	87.4
Pver_g24280.t1	sp|Q9UTJ7|SDHA_SCHPO	32.218	239	150	6	6	236	54	288	1.36e-23	95.9
Pver_g24382.t2	sp|Q9ZZY5|COX3_HIPAM	41.277	235	106	5	269	502	54	257	1.98e-47	167
Pver_g24385.t1	sp|F1N206|DLDH_BOVIN	30.719	459	300	8	7	453	43	495	1.21e-61	209
Pver_g24408.t1	sp|Q25117|ATPB_HEMPU	29.049	389	258	10	559	933	101	485	1.41e-32	130
Pver_g24544.t1	sp|Q5R546|ATPA_PONAB	45.652	138	75	0	170	307	43	180	8.37e-32	121
Pver_g24545.t1	sp|P14092|ATP6_CHICK	35.227	88	46	1	372	448	138	225	1.48e-06	46.2
Pver_g24646.t2	sp|Q9P6R6|ATPD_SCHPO	29.524	105	65	3	31	134	65	161	1.51e-08	51.6
Pver_g24778.t1	sp|Q6P6R2|DLDH_RAT	39.506	81	46	2	784	863	299	377	3.04e-08	54.3
Pver_g24821.t1	sp|P54275|MSH2_RAT	32.299	548	317	13	135	646	324	853	2.07e-73	256
Pver_g24832.t1	sp|Q9UTJ7|SDHA_SCHPO	33.445	299	159	10	2	265	299	592	8.48e-38	145
Pver_g24986.t1	sp|P47052|SDHX_YEAST	37.603	242	137	5	6	235	375	614	4.54e-44	163
Pver_g25021.t1	sp|P54275|MSH2_RAT	30.357	168	102	4	145	309	647	802	4.49e-09	56.2
Pver_g25227.t2	sp|Q69BK1|UCRI_CHLAE	39.779	181	86	7	197	375	115	274	2.87e-37	133
Pver_g25233.t1	sp|P06541|ATPB_CHLRE	32.740	281	163	10	3	265	154	426	2.22e-32	124
Pver_g25252.t1	sp|Q91YT0|NDUV1_MOUSE	27.879	165	96	6	135	277	73	236	6.71e-09	55.5
Pver_g25305.t1	sp|Q6XHB2|ROCO4_DICDI	26.522	230	132	8	16	231	1026	1232	7.81e-19	82.8
Pver_g25390.t2	sp|Q8KS19|CCOP2_STUST	53.770	305	135	2	73	371	1	305	2.06e-128	368
Pver_g25406.t1	sp|Q9UTJ7|SDHA_SCHPO	45.221	272	136	4	17	278	56	324	3.65e-74	236
Pver_g25443.t1	sp|P54275|MSH2_RAT	23.986	296	187	6	44	320	556	832	2.16e-13	68.6
Pver_g25523.t1	sp|D9IA43|CCON1_STUST	74.661	221	56	0	9	229	3	223	7.40e-122	352
Pver_g25646.t1	sp|Q6XHB2|ROCO4_DICDI	24.699	166	105	7	10	160	372	532	1.99e-06	45.1
Pver_g25682.t1	sp|Q6XHB2|ROCO4_DICDI	26.364	330	197	17	493	807	994	1292	4.85e-16	80.1
Pver_g25686.t1	sp|Q6XHB2|ROCO4_DICDI	30.435	230	128	12	451	661	1017	1233	5.30e-15	76.6
Pver_g25716.t1	sp|Q6XHB2|ROCO4_DICDI	23.962	313	168	13	217	507	1030	1294	1.71e-12	67.4
Pver_g25755.t1	sp|Q6XHB2|ROCO4_DICDI	27.315	216	137	8	12	213	1025	1234	1.77e-13	72.0
Pver_g25781.t1	sp|P43247|MSH2_MOUSE	60.642	935	355	6	1	928	1	929	0.0	1162
Pver_g25846.t1	sp|Q9H1U9|S2551_HUMAN	25.225	222	146	8	94	313	72	275	8.33e-11	60.8
Pver_g25891.t1	sp|P29419|ATP5I_RAT	47.761	67	33	1	2	66	4	70	3.05e-11	50.4
Pver_g25912.t1	sp|Q6XHB2|ROCO4_DICDI	28.302	159	97	6	1276	1422	1136	1289	2.82e-11	65.9
Pver_g25916.t1	sp|O43181|NDUS4_HUMAN	53.672	177	78	2	1	175	1	175	5.65e-55	169
Pver_g25969.t1	sp|Q6XHB2|ROCO4_DICDI	27.068	266	162	11	399	640	990	1247	8.54e-10	59.7
Pver_g25984.t1	sp|Q6XHB2|ROCO4_DICDI	30.392	306	165	16	341	624	1015	1294	1.77e-25	110
Pver_g26014.t1	sp|Q6XHB2|ROCO4_DICDI	24.667	150	105	5	14	158	372	518	1.70e-06	45.4
Pver_g26082.t1	sp|Q6XHB2|ROCO4_DICDI	29.339	242	155	5	461	695	258	490	3.05e-22	101
Pver_g26093.t2	sp|Q6XHB2|ROCO4_DICDI	25.676	296	161	16	829	1105	1030	1285	2.48e-14	75.1
Pver_g26184.t1	sp|Q6XHB2|ROCO4_DICDI	29.762	84	59	0	61	144	258	341	3.87e-06	47.4
Pver_g26197.t1	sp|Q6XHB2|ROCO4_DICDI	22.222	279	135	10	463	679	1032	1290	2.85e-07	51.2
Pver_g26253.t1	sp|Q6XHB2|ROCO4_DICDI	22.109	294	157	11	425	693	419	665	8.00e-07	50.4
Pver_g26281.t1	sp|Q6XHB2|ROCO4_DICDI	23.600	250	147	8	9	242	1012	1233	9.41e-08	52.0
Pver_g26324.t1	sp|Q6XHB2|ROCO4_DICDI	28.076	317	168	11	76	375	1015	1288	2.36e-21	94.4
Pver_g26337.t2	sp|O52683|HYDA_THEMA	28.928	401	246	14	1971	2369	185	548	2.90e-40	157
Pver_g26406.t1	sp|O67931|SQRD_AQUAE	20.147	273	195	10	68	331	41	299	5.02e-06	45.1
Pver_g26440.t2	sp|Q6XHB2|ROCO4_DICDI	29.537	281	163	12	1350	1615	1032	1292	3.66e-15	79.0
Pver_g26443.t1	sp|Q6XHB2|ROCO4_DICDI	28.231	294	167	15	165	442	1024	1289	1.37e-19	89.7
Pver_g26444.t1	sp|Q6XHB2|ROCO4_DICDI	25.168	298	165	15	16	287	1024	1289	1.47e-13	68.9
Pver_g26528.t2	sp|Q6XHB2|ROCO4_DICDI	27.397	219	124	10	589	794	1096	1292	8.84e-13	69.3
Pver_g26558.t1	sp|Q6XHB2|ROCO4_DICDI	22.554	368	180	12	156	493	369	661	5.09e-11	64.7
Pver_g26591.t1	sp|Q6XHB2|ROCO4_DICDI	28.731	268	152	11	254	488	1030	1291	9.62e-20	90.1
Pver_g26601.t2	sp|Q6XHB2|ROCO4_DICDI	25.000	164	98	7	26	165	1130	1292	5.19e-08	53.5
Pver_g26657.t2	sp|Q6XHB2|ROCO4_DICDI	32.031	128	68	5	587	714	609	717	2.56e-07	52.4
Pver_g26708.t2	sp|Q6XHB2|ROCO4_DICDI	31.206	141	80	9	8	141	1164	1294	3.97e-09	52.0
Pver_g26793.t1	sp|Q6XHB2|ROCO4_DICDI	30.579	242	131	10	5	234	1026	1242	1.86e-20	87.0
Pver_novel_model_207_5de57afd	sp|Q6XHB2|ROCO4_DICDI	26.866	268	162	10	98	336	1024	1286	9.27e-19	85.5
Pver_novel_model_270_5de57afd	sp|Q6P6R2|DLDH_RAT	28.571	490	314	13	136	614	43	507	2.17e-45	166
Pver_novel_model_773_5de57afd	sp|Q6XHB2|ROCO4_DICDI	29.126	103	64	4	22	119	1196	1294	1.40e-06	43.9
Pver_split_gene_g1652-g1652.t1-m72	sp|Q6XHB2|ROCO4_DICDI	24.880	209	138	7	143	337	1030	1233	5.53e-10	58.9
